@CONVERTED_FROM_TEXT
@ITEM=1=ALSFRSb=12
@ITEM=2=ALSFRSsUL=[8,12[
@ITEM=3=ALSFRSsT=[4,8[
@ITEM=4=ALSFRSsLL=[4,8[
@ITEM=5=R=12
@ITEM=6=ALSFRS-R=>=36
@ITEM=7=ALSFRSsLL=<4
@ITEM=8=ALSFRSsUL=[4,8[
@ITEM=9=ALSFRSsLL=[8,12[
@ITEM=10=ALSFRSsUL=<4
@ITEM=11=ALSFRSsT=<4
@ITEM=12=R=[8,12[
@ITEM=13=ALSFRS-R=[24,36[
@ITEM=14=ALSFRSb=[8,12[
@ITEM=15=ALSFRSsT=[8,12[
@ITEM=16=ALSFRSb=[4,8[
@ITEM=17=ALSFRSb=<4
@ITEM=18=ALSFRS-R=[12,24[
@ITEM=19=ALSFRS-R=<12
<0> 1 2 3 4 5 6 -1 <1> 1 2 3 4 5 6 -1 <2> 1 2 3 7 5 6 -1 <3> 1 8 3 7 5 6 -1 -2
<0> 1 8 3 9 5 6 -1 <1> 1 10 11 9 5 6 -1 -2
<0> 1 8 3 7 5 6 -1 <1> 1 10 3 4 5 6 -1 <2> 1 8 11 7 12 13 -1 <3> 1 10 3 7 5 6 -1 <4> 1 10 3 7 12 13 -1 -2
<0> 14 2 15 9 5 6 -1 <1> 14 2 3 9 5 6 -1 <2> 14 2 15 9 12 6 -1 -2
<0> 14 8 3 7 12 13 -1 <1> 14 10 11 7 12 13 -1 -2
<0> 14 8 3 4 5 6 -1 <1> 14 2 15 4 12 6 -1 <2> 14 2 15 4 5 6 -1 -2
<0> 16 8 3 4 5 13 -1 <1> 16 8 3 4 5 13 -1 <2> 14 8 11 4 5 13 -1 <3> 16 10 3 4 5 13 -1 <4> 16 10 11 7 5 13 -1 -2
<0> 14 8 11 7 5 13 -1 <1> 16 10 11 7 5 13 -1 -2
<0> 14 2 15 9 5 6 -1 <1> 16 2 15 9 5 6 -1 -2
<0> 1 8 3 9 5 6 -1 <1> 1 8 15 9 5 6 -1 <2> 1 8 3 9 5 6 -1 <3> 1 8 3 9 5 6 -1 <4> 1 8 3 4 5 6 -1 -2
<0> 14 2 15 9 5 6 -1 <1> 14 2 3 4 12 6 -1 -2
<0> 1 2 3 9 5 6 -1 <1> 1 8 3 4 5 6 -1 -2
<0> 1 2 15 4 5 6 -1 <1> 1 2 3 4 5 6 -1 <2> 1 2 3 4 5 6 -1 <3> 1 2 3 4 5 6 -1 <4> 1 2 3 7 5 6 -1 -2
<0> 1 2 3 7 5 6 -1 <1> 1 2 3 7 5 6 -1 <2> 1 2 3 7 5 6 -1 <3> 1 2 3 7 5 6 -1 <4> 1 2 3 7 5 6 -1 -2
<0> 1 10 11 7 5 13 -1 <1> 1 10 11 7 5 13 -1 -2
<0> 16 2 15 4 5 6 -1 <1> 16 8 3 4 5 6 -1 <2> 16 8 3 4 5 6 -1 -2
<0> 1 8 3 9 12 6 -1 <1> 1 8 3 9 12 6 -1 <2> 1 8 3 9 5 6 -1 <3> 1 8 3 4 5 6 -1 <4> 1 8 3 4 12 6 -1 -2
<0> 1 2 3 7 5 6 -1 <1> 1 2 3 7 5 6 -1 <2> 1 2 3 7 5 6 -1 <3> 1 2 3 7 5 6 -1 <4> 1 2 3 7 12 6 -1 -2
<0> 14 10 3 4 5 13 -1 <1> 14 8 11 7 5 13 -1 <2> 14 8 11 4 5 13 -1 <3> 14 8 11 7 5 13 -1 <4> 14 8 11 7 12 13 -1 -2
<0> 14 2 15 9 12 6 -1 <1> 14 8 3 4 5 6 -1 <2> 14 8 3 4 5 6 -1 <3> 16 8 3 4 5 13 -1 <4> 16 8 3 7 5 13 -1 -2
<0> 1 8 3 9 5 6 -1 <1> 1 10 3 4 5 6 -1 <2> 1 10 3 4 5 13 -1 <3> 1 10 11 7 5 13 -1 <4> 1 10 11 7 5 13 -1 -2
<0> 1 8 3 9 5 6 -1 <1> 1 8 3 9 5 6 -1 <2> 1 8 3 9 5 6 -1 <3> 1 8 3 9 5 6 -1 <4> 1 8 3 9 12 6 -1 -2
<0> 14 8 3 9 5 6 -1 <1> 1 8 3 9 5 6 -1 <2> 1 8 3 9 5 6 -1 <3> 1 10 3 9 5 6 -1 <4> 1 10 3 4 12 13 -1 -2
<0> 1 2 15 4 5 6 -1 <1> 1 8 3 7 5 6 -1 -2
<0> 14 8 3 4 5 13 -1 <1> 14 8 3 4 5 13 -1 <2> 14 8 3 7 5 13 -1 <3> 14 8 3 4 5 6 -1 <4> 14 8 3 4 5 6 -1 -2
<0> 1 8 3 9 5 6 -1 <1> 1 8 3 9 5 6 -1 -2
<0> 1 8 3 4 5 6 -1 <1> 1 8 3 4 12 6 -1 <2> 14 8 3 4 12 6 -1 <3> 14 8 3 4 12 6 -1 <4> 1 8 11 4 12 13 -1 -2
<0> 1 8 3 9 5 6 -1 <1> 1 8 3 4 12 6 -1 <2> 1 10 3 4 12 6 -1 <3> 14 10 11 7 12 13 -1 -2
<0> 14 2 15 9 5 6 -1 <1> 14 8 3 9 12 6 -1 <2> 14 8 3 9 12 6 -1 <3> 14 8 3 9 12 6 -1 <4> 14 8 3 4 12 13 -1 -2
<0> 14 8 15 4 12 6 -1 <1> 16 2 15 4 5 6 -1 <2> 16 8 15 4 12 6 -1 <3> 16 8 3 4 5 13 -1 <4> 16 8 3 7 5 13 -1 -2
<0> 14 8 3 4 5 6 -1 <1> 14 8 3 4 5 6 -1 <2> 1 8 3 4 5 6 -1 <3> 14 8 3 4 12 13 -1 <4> 14 8 3 4 5 13 -1 -2
<0> 1 8 3 4 5 6 -1 <1> 1 8 3 7 5 13 -1 <2> 1 8 11 7 5 13 -1 -2
<0> 1 2 15 7 5 6 -1 <1> 1 2 3 7 5 6 -1 <2> 1 2 3 7 5 6 -1 <3> 1 2 3 7 5 6 -1 <4> 1 2 3 7 5 6 -1 -2
<0> 1 8 3 9 5 6 -1 <1> 1 8 3 9 5 6 -1 <2> 1 8 3 9 5 6 -1 <3> 1 8 3 9 5 6 -1 <4> 1 8 3 9 5 6 -1 -2
<0> 1 2 3 4 5 6 -1 <1> 1 2 3 4 5 6 -1 <2> 1 2 3 7 5 6 -1 <3> 1 2 3 7 5 6 -1 <4> 1 2 3 7 5 6 -1 -2
<0> 14 2 15 9 12 6 -1 <1> 14 2 15 9 5 6 -1 <2> 16 2 15 9 5 6 -1 -2
<0> 1 8 3 9 5 6 -1 <1> 1 8 3 9 5 6 -1 <2> 1 8 3 9 5 6 -1 <3> 1 8 3 9 12 6 -1 <4> 1 8 3 4 5 6 -1 -2
<0> 1 2 15 4 5 6 -1 <1> 1 8 3 4 5 6 -1 <2> 1 10 11 7 5 13 -1 <3> 14 10 11 7 5 13 -1 -2
<0> 1 2 3 4 5 6 -1 <1> 1 2 3 4 5 6 -1 <2> 1 2 3 4 5 6 -1 <3> 1 2 3 7 5 6 -1 <4> 1 8 3 7 5 6 -1 -2
<0> 1 8 3 4 5 6 -1 <1> 14 8 3 4 5 6 -1 <2> 1 8 3 4 5 6 -1 <3> 1 8 3 4 5 6 -1 <4> 14 8 3 4 5 6 -1 -2
<0> 16 2 15 9 5 6 -1 <1> 16 2 15 9 12 6 -1 <2> 14 2 15 9 5 6 -1 <3> 16 2 15 9 5 6 -1 <4> 17 2 15 9 5 6 -1 -2
<0> 14 8 15 9 5 6 -1 <1> 14 8 3 9 5 6 -1 <2> 16 8 3 9 12 6 -1 <3> 16 8 3 9 12 6 -1 -2
<0> 16 2 15 4 12 6 -1 <1> 17 2 15 4 12 13 -1 <2> 17 2 3 4 12 13 -1 -2
<0> 14 8 3 4 12 6 -1 <1> 14 2 15 4 12 6 -1 -2
<0> 1 8 3 4 5 6 -1 <1> 1 8 3 9 5 6 -1 <2> 1 8 3 4 5 6 -1 <3> 1 8 3 4 5 6 -1 <4> 1 8 3 4 12 6 -1 -2
<0> 14 2 15 9 5 6 -1 <1> 16 2 15 4 5 6 -1 -2
<0> 14 8 3 9 5 6 -1 <1> 14 8 3 9 12 6 -1 <2> 14 8 3 9 5 6 -1 <3> 14 8 3 4 5 6 -1 <4> 14 10 3 4 5 13 -1 -2
<0> 1 8 3 4 5 6 -1 <1> 1 8 3 7 5 13 -1 -2
<0> 1 2 11 7 5 13 -1 <1> 1 2 11 7 5 13 -1 -2
<0> 1 8 3 9 5 6 -1 <1> 1 8 3 4 5 6 -1 <2> 14 8 11 4 12 13 -1 <3> 14 10 11 4 12 13 -1 <4> 14 10 11 7 12 18 -1 -2
<0> 14 8 15 9 5 6 -1 <1> 14 8 3 9 5 6 -1 <2> 14 8 3 9 5 6 -1 <3> 14 8 3 9 5 6 -1 <4> 16 8 3 4 12 13 -1 -2
<0> 1 8 3 9 5 6 -1 <1> 1 8 3 9 5 6 -1 <2> 1 8 3 4 5 6 -1 <3> 1 8 3 9 5 6 -1 <4> 1 8 3 4 5 6 -1 -2
<0> 1 2 3 7 5 6 -1 <1> 1 2 3 7 5 6 -1 <2> 1 8 3 7 5 6 -1 <3> 1 8 11 7 5 13 -1 -2
<0> 1 8 11 4 12 13 -1 <1> 14 8 11 7 5 13 -1 <2> 14 8 11 7 5 13 -1 <3> 14 10 11 7 5 13 -1 <4> 14 10 11 7 12 13 -1 -2
<0> 1 8 3 9 5 6 -1 <1> 1 8 3 9 5 6 -1 <2> 1 8 3 9 5 6 -1 <3> 1 8 3 9 5 6 -1 <4> 1 8 3 9 5 6 -1 -2
<0> 14 8 3 7 12 13 -1 <1> 14 10 11 7 5 13 -1 -2
<0> 1 8 11 7 5 13 -1 <1> 1 8 11 7 5 13 -1 <2> 1 8 11 7 5 13 -1 -2
<0> 14 8 3 4 12 6 -1 <1> 14 8 3 4 5 6 -1 -2
<0> 1 2 3 7 5 6 -1 <1> 1 2 3 7 5 6 -1 <2> 1 2 11 7 5 6 -1 <3> 1 2 11 7 5 13 -1 <4> 1 2 3 7 5 6 -1 -2
<0> 14 8 3 4 5 6 -1 <1> 14 8 3 4 5 6 -1 -2
<0> 14 2 15 9 5 6 -1 <1> 14 2 15 9 5 6 -1 <2> 16 2 15 9 5 6 -1 <3> 16 2 15 4 12 6 -1 <4> 16 2 15 4 5 6 -1 -2
<0> 1 10 3 4 5 6 -1 <1> 1 10 11 4 5 13 -1 <2> 1 10 11 4 5 13 -1 <3> 14 8 11 7 5 13 -1 <4> 14 10 11 7 12 18 -1 -2
<0> 1 2 3 7 5 6 -1 <1> 1 8 3 7 5 13 -1 -2
<0> 16 2 15 9 5 6 -1 <1> 16 2 15 9 5 6 -1 <2> 17 2 15 9 5 6 -1 <3> 17 2 15 4 12 6 -1 <4> 17 2 3 4 12 13 -1 -2
<0> 16 8 3 9 5 6 -1 <1> 16 8 3 4 5 13 -1 <2> 16 8 3 4 5 13 -1 -2
<0> 1 8 3 4 5 6 -1 <1> 1 8 3 4 12 6 -1 <2> 14 8 3 4 12 6 -1 -2
<0> 1 10 11 9 5 6 -1 <1> 1 10 11 9 5 6 -1 <2> 1 10 11 4 5 13 -1 -2
<0> 16 8 3 4 12 13 -1 <1> 14 8 3 4 12 13 -1 <2> 14 8 3 4 12 6 -1 <3> 14 8 3 4 12 6 -1 <4> 14 8 3 4 12 6 -1 -2
<0> 1 2 15 4 5 6 -1 <1> 1 2 15 4 5 6 -1 <2> 1 2 15 4 5 6 -1 <3> 1 2 15 4 5 6 -1 <4> 1 2 15 7 5 6 -1 -2
<0> 1 2 15 4 5 6 -1 <1> 1 2 3 4 5 6 -1 <2> 1 8 3 4 5 6 -1 <3> 1 8 3 4 5 6 -1 <4> 1 8 3 4 5 6 -1 -2
<0> 1 2 3 4 12 6 -1 <1> 1 8 3 4 5 6 -1 <2> 1 8 3 7 12 13 -1 <3> 1 10 11 7 5 13 -1 -2
<0> 14 8 3 7 5 6 -1 <1> 14 8 3 7 5 13 -1 <2> 14 8 3 7 5 13 -1 <3> 14 8 3 7 5 13 -1 <4> 14 10 3 7 5 13 -1 -2
<0> 14 2 15 9 5 6 -1 <1> 14 2 15 9 5 6 -1 -2
<0> 14 2 3 4 5 6 -1 <1> 14 8 3 7 5 6 -1 <2> 14 8 3 7 5 6 -1 <3> 14 8 3 7 5 13 -1 <4> 14 8 3 7 5 13 -1 -2
<0> 1 2 3 4 5 6 -1 <1> 1 8 3 4 5 6 -1 <2> 1 8 3 7 5 6 -1 <3> 1 8 11 4 5 6 -1 <4> 14 8 11 7 12 13 -1 -2
<0> 1 2 15 4 5 6 -1 <1> 1 2 15 4 5 6 -1 <2> 1 2 3 4 5 6 -1 <3> 1 2 3 4 5 6 -1 <4> 1 2 3 4 5 6 -1 -2
<0> 1 8 15 9 5 6 -1 <1> 1 8 15 4 5 6 -1 <2> 1 8 3 4 5 6 -1 <3> 1 8 3 4 12 6 -1 -2
<0> 14 8 15 9 5 6 -1 <1> 14 8 15 9 5 6 -1 <2> 14 8 15 9 5 6 -1 <3> 14 8 3 9 5 6 -1 <4> 14 8 3 4 5 6 -1 -2
<0> 16 2 15 9 5 6 -1 <1> 16 2 15 9 5 6 -1 <2> 16 2 15 9 5 6 -1 -2
<0> 14 8 3 9 5 6 -1 <1> 14 8 3 9 5 6 -1 <2> 14 8 3 9 5 6 -1 <3> 14 8 3 4 5 6 -1 <4> 14 8 3 4 5 6 -1 -2
<0> 14 10 3 4 5 6 -1 <1> 14 10 3 4 5 13 -1 -2
<0> 14 2 15 9 5 6 -1 <1> 16 2 15 9 5 6 -1 -2
<0> 14 8 3 9 5 6 -1 <1> 14 8 3 4 12 13 -1 <2> 16 8 11 4 5 13 -1 <3> 16 8 11 4 5 13 -1 <4> 16 10 11 4 5 13 -1 -2
<0> 14 10 11 7 12 18 -1 <1> 14 10 11 7 12 18 -1 -2
<0> 14 2 15 9 5 6 -1 <1> 14 2 15 9 5 6 -1 <2> 16 8 15 9 12 6 -1 -2
<0> 14 8 11 7 12 13 -1 <1> 14 8 11 7 12 13 -1 -2
<0> 1 2 3 7 5 6 -1 <1> 1 8 3 7 5 6 -1 <2> 1 8 11 7 5 13 -1 -2
<0> 14 8 3 4 12 13 -1 <1> 14 10 3 9 5 13 -1 <2> 14 8 3 9 5 6 -1 <3> 14 8 3 9 5 6 -1 <4> 14 8 3 9 5 6 -1 -2
<0> 1 8 11 7 12 13 -1 <1> 1 8 11 7 12 13 -1 <2> 14 8 11 7 12 13 -1 -2
<0> 1 2 15 9 5 6 -1 <1> 1 8 15 9 5 6 -1 <2> 1 8 3 9 5 6 -1 <3> 1 8 3 4 5 6 -1 <4> 1 8 3 4 5 6 -1 -2
<0> 14 8 11 4 5 13 -1 <1> 14 10 11 4 5 13 -1 <2> 14 10 11 4 12 13 -1 <3> 14 8 3 4 5 13 -1 -2
<0> 1 8 3 9 5 6 -1 <1> 1 8 3 9 5 6 -1 <2> 1 8 3 9 5 6 -1 -2
<0> 14 2 15 9 5 6 -1 <1> 14 2 15 9 12 6 -1 -2
<0> 14 8 3 4 5 6 -1 <1> 14 10 3 4 12 13 -1 <2> 14 8 3 4 5 6 -1 <3> 16 10 3 4 5 13 -1 <4> 16 10 3 4 5 13 -1 -2
<0> 14 8 3 9 5 6 -1 <1> 16 8 3 4 5 6 -1 <2> 16 8 3 4 5 13 -1 -2
<0> 1 2 15 9 12 6 -1 <1> 1 2 15 9 12 6 -1 -2
<0> 1 8 3 4 5 6 -1 <1> 1 8 3 4 5 6 -1 <2> 1 10 11 7 5 13 -1 -2
<0> 1 2 15 4 5 6 -1 <1> 14 8 15 4 5 6 -1 <2> 14 8 3 4 5 6 -1 <3> 14 8 3 7 12 6 -1 -2
<0> 14 2 15 9 5 6 -1 <1> 14 2 15 9 5 6 -1 <2> 14 8 3 9 5 6 -1 -2
<0> 1 2 15 4 5 6 -1 <1> 1 2 15 4 5 6 -1 -2
<0> 1 2 15 4 5 6 -1 <1> 1 2 15 4 5 6 -1 <2> 1 2 15 4 5 6 -1 <3> 1 8 3 4 5 6 -1 <4> 1 2 3 4 5 6 -1 -2
<0> 1 8 3 4 12 6 -1 <1> 1 8 3 4 12 6 -1 <2> 1 8 3 4 5 6 -1 <3> 1 8 3 7 5 6 -1 -2
<0> 16 10 11 7 5 13 -1 <1> 16 10 11 7 5 18 -1 <2> 14 10 11 7 5 13 -1 -2
<0> 1 8 3 4 12 6 -1 <1> 1 8 3 4 12 6 -1 -2
<0> 14 8 3 4 5 13 -1 <1> 14 10 3 4 5 13 -1 -2
<0> 1 2 15 4 5 6 -1 <1> 1 2 15 4 5 6 -1 <2> 1 2 3 4 5 6 -1 <3> 1 2 3 4 5 6 -1 <4> 1 2 3 4 5 6 -1 -2
<0> 14 8 3 4 12 6 -1 <1> 14 8 3 4 12 13 -1 -2
<0> 1 2 15 4 5 6 -1 <1> 1 2 15 4 5 6 -1 <2> 1 2 15 4 5 6 -1 -2
<0> 1 8 3 9 5 6 -1 <1> 1 8 3 9 5 6 -1 <2> 1 8 3 9 5 6 -1 <3> 1 8 3 9 5 6 -1 <4> 14 10 3 9 12 6 -1 -2
<0> 1 2 3 4 5 6 -1 <1> 1 8 3 7 5 6 -1 -2
<0> 17 8 3 4 12 13 -1 <1> 17 8 15 9 5 13 -1 -2
<0> 14 8 15 4 5 6 -1 <1> 16 8 3 7 12 13 -1 <2> 14 8 3 7 12 13 -1 -2
<0> 1 8 3 4 5 6 -1 <1> 1 8 3 4 5 6 -1 <2> 1 10 11 7 5 13 -1 <3> 1 10 11 7 5 13 -1 <4> 1 10 11 7 5 13 -1 -2
<0> 14 2 15 9 5 6 -1 <1> 14 2 15 9 5 6 -1 <2> 14 2 15 9 5 6 -1 <3> 17 2 15 4 12 6 -1 -2
<0> 16 2 15 9 12 6 -1 <1> 16 2 15 9 12 6 -1 <2> 16 8 3 4 12 6 -1 <3> 16 2 15 9 12 6 -1 -2
<0> 14 2 15 9 12 6 -1 <1> 16 2 15 9 12 6 -1 <2> 16 2 15 9 12 6 -1 -2
<0> 1 8 15 9 5 6 -1 <1> 1 8 15 9 5 6 -1 <2> 1 8 3 9 5 6 -1 <3> 1 8 3 9 5 6 -1 <4> 1 10 3 9 5 6 -1 -2
<0> 1 8 3 9 5 6 -1 <1> 1 8 3 9 5 6 -1 <2> 1 8 3 9 5 6 -1 <3> 1 2 3 9 5 6 -1 <4> 14 8 3 9 5 6 -1 -2
<0> 1 2 15 4 5 6 -1 <1> 1 2 15 4 5 6 -1 <2> 14 2 15 4 5 6 -1 <3> 14 2 15 4 5 6 -1 -2
<0> 1 2 15 4 5 6 -1 <1> 1 8 3 4 12 6 -1 <2> 1 8 3 4 12 6 -1 <3> 1 8 3 4 5 6 -1 <4> 14 8 3 4 12 6 -1 -2
<0> 1 8 3 4 5 6 -1 <1> 1 10 3 4 5 6 -1 <2> 1 10 11 7 5 13 -1 -2
<0> 14 8 3 4 5 6 -1 <1> 14 8 3 4 5 6 -1 <2> 14 8 11 7 5 13 -1 <3> 14 8 11 7 12 13 -1 -2
<0> 1 10 3 4 5 6 -1 <1> 1 10 3 4 5 6 -1 <2> 1 10 3 4 12 13 -1 <3> 1 10 11 4 12 13 -1 -2
<0> 14 8 3 4 5 6 -1 <1> 14 8 3 4 12 6 -1 <2> 14 8 3 4 12 6 -1 <3> 14 8 3 4 12 6 -1 <4> 14 8 3 4 5 13 -1 -2
<0> 14 8 3 4 5 6 -1 <1> 14 8 3 4 5 6 -1 <2> 14 8 3 7 5 13 -1 <3> 16 10 11 7 12 18 -1 -2
<0> 1 2 3 7 5 6 -1 <1> 14 10 11 7 12 13 -1 <2> 14 10 11 7 12 13 -1 -2
<0> 1 8 3 4 5 6 -1 <1> 1 8 3 7 5 6 -1 <2> 1 8 11 7 5 13 -1 <3> 1 8 11 7 5 13 -1 <4> 1 8 11 7 5 13 -1 -2
<0> 1 2 15 4 5 6 -1 <1> 14 8 15 4 5 6 -1 <2> 1 8 3 4 5 6 -1 <3> 14 8 3 4 5 6 -1 <4> 1 2 15 4 5 6 -1 -2
<0> 1 10 3 4 5 6 -1 <1> 1 10 3 7 5 13 -1 -2
<0> 1 8 15 4 5 6 -1 <1> 1 8 15 4 5 6 -1 <2> 1 8 3 7 5 6 -1 <3> 1 8 3 7 5 6 -1 <4> 1 8 3 7 5 6 -1 -2
<0> 1 2 15 4 5 6 -1 <1> 1 2 3 4 5 6 -1 <2> 1 2 3 4 5 6 -1 <3> 1 2 3 4 12 6 -1 <4> 1 2 3 4 5 6 -1 -2
<0> 14 8 3 9 5 6 -1 <1> 14 10 11 4 5 13 -1 -2
<0> 1 10 3 4 5 13 -1 <1> 1 10 11 4 5 13 -1 <2> 14 10 11 4 5 13 -1 <3> 14 10 11 7 5 13 -1 -2
<0> 14 2 15 9 5 6 -1 <1> 16 2 15 9 5 6 -1 <2> 17 2 15 9 5 6 -1 <3> 17 2 15 9 5 6 -1 -2
<0> 1 8 3 4 12 6 -1 <1> 1 8 3 4 12 6 -1 <2> 1 8 3 4 12 6 -1 -2
<0> 1 8 3 7 12 6 -1 <1> 1 8 3 4 5 6 -1 <2> 1 2 3 4 12 6 -1 <3> 1 8 3 7 12 13 -1 <4> 1 2 3 7 5 6 -1 -2
<0> 14 8 3 4 5 6 -1 <1> 14 8 3 4 5 6 -1 <2> 14 8 3 7 5 6 -1 <3> 14 8 3 4 5 6 -1 <4> 14 8 3 7 12 13 -1 -2
<0> 14 2 15 9 12 6 -1 <1> 14 2 15 9 5 6 -1 <2> 14 2 15 9 5 6 -1 -2
<0> 14 8 3 7 12 13 -1 <1> 14 8 3 7 12 13 -1 -2
<0> 1 8 3 7 5 6 -1 <1> 1 8 3 7 12 6 -1 <2> 1 8 11 7 12 13 -1 -2
<0> 14 8 3 4 5 6 -1 <1> 14 8 3 7 5 6 -1 <2> 14 10 11 7 12 13 -1 -2
<0> 16 2 15 4 5 6 -1 <1> 16 8 15 4 5 6 -1 -2
<0> 14 2 15 4 5 6 -1 <1> 14 2 15 4 5 6 -1 <2> 16 2 15 7 5 13 -1 -2
<0> 1 2 15 4 12 6 -1 <1> 1 2 3 4 5 6 -1 <2> 14 2 3 4 5 6 -1 <3> 1 2 3 4 12 6 -1 <4> 14 2 3 4 12 6 -1 -2
<0> 1 2 3 7 5 6 -1 <1> 1 2 3 7 5 6 -1 <2> 1 8 3 7 5 6 -1 <3> 1 8 3 7 5 6 -1 -2
<0> 1 8 11 4 5 13 -1 <1> 1 10 11 4 5 13 -1 <2> 14 8 3 7 12 13 -1 <3> 14 10 11 7 5 13 -1 <4> 1 10 11 7 5 13 -1 -2
<0> 1 2 15 4 5 6 -1 <1> 1 2 3 4 5 6 -1 <2> 1 8 3 7 5 6 -1 <3> 14 8 3 7 5 6 -1 <4> 14 8 11 7 5 13 -1 -2
<0> 14 10 11 7 12 13 -1 <1> 14 10 11 7 12 18 -1 -2
<0> 14 2 15 9 5 6 -1 <1> 16 2 15 9 5 6 -1 <2> 16 2 15 9 5 6 -1 <3> 17 2 3 9 5 6 -1 <4> 17 8 3 4 5 13 -1 -2
<0> 1 2 15 4 5 6 -1 <1> 1 8 15 4 5 6 -1 <2> 1 2 3 4 5 6 -1 <3> 1 8 3 7 5 6 -1 <4> 14 8 3 7 5 6 -1 -2
<0> 16 8 3 4 5 13 -1 <1> 16 8 3 4 5 13 -1 <2> 17 8 3 4 12 13 -1 <3> 17 8 3 4 12 13 -1 -2
<0> 1 2 15 4 5 6 -1 <1> 1 2 15 4 5 6 -1 <2> 1 2 3 4 5 6 -1 <3> 1 2 3 4 5 6 -1 <4> 1 2 3 4 5 6 -1 -2
<0> 1 2 3 4 5 6 -1 <1> 1 2 15 4 5 6 -1 <2> 1 2 3 4 5 6 -1 <3> 1 2 3 4 5 6 -1 <4> 1 2 3 4 5 6 -1 -2
<0> 1 2 3 4 5 6 -1 <1> 1 8 11 7 5 13 -1 <2> 1 10 11 7 5 13 -1 -2
<0> 1 2 3 4 5 6 -1 <1> 1 2 3 4 5 6 -1 <2> 1 2 3 4 5 6 -1 <3> 1 8 3 4 5 6 -1 <4> 14 8 3 7 5 6 -1 -2
<0> 1 8 3 4 5 6 -1 <1> 1 8 3 4 5 6 -1 <2> 1 8 3 4 5 6 -1 <3> 14 8 3 4 5 6 -1 <4> 14 10 3 4 5 13 -1 -2
<0> 1 2 15 4 5 6 -1 <1> 1 2 15 4 5 6 -1 <2> 14 2 15 4 5 6 -1 <3> 1 8 3 4 5 6 -1 <4> 1 8 3 4 5 6 -1 -2
<0> 1 2 3 4 5 6 -1 <1> 1 2 3 7 5 6 -1 <2> 1 2 3 7 5 6 -1 <3> 1 2 3 7 5 6 -1 <4> 1 2 11 7 5 13 -1 -2
<0> 14 2 15 9 12 6 -1 <1> 14 8 3 4 12 13 -1 -2
<0> 1 2 15 4 5 6 -1 <1> 1 2 15 4 5 6 -1 <2> 1 2 15 4 5 6 -1 <3> 1 2 15 4 5 6 -1 <4> 1 2 15 4 5 6 -1 -2
<0> 14 2 15 4 5 6 -1 <1> 17 8 3 7 12 13 -1 -2
<0> 1 8 3 7 5 6 -1 <1> 1 8 3 7 5 6 -1 -2
<0> 1 2 15 4 5 6 -1 <1> 1 2 3 4 5 6 -1 -2
<0> 14 2 15 9 5 6 -1 <1> 14 2 15 9 5 6 -1 <2> 16 8 15 9 5 6 -1 <3> 16 8 3 4 12 6 -1 <4> 17 8 15 4 5 13 -1 -2
<0> 1 2 3 4 12 6 -1 <1> 1 2 3 4 5 6 -1 <2> 1 2 3 7 5 6 -1 <3> 1 8 3 7 5 6 -1 <4> 1 8 3 7 5 13 -1 -2
<0> 1 8 3 7 5 6 -1 <1> 1 8 3 7 5 6 -1 <2> 1 8 3 4 5 6 -1 <3> 1 8 3 4 5 6 -1 <4> 1 8 3 4 5 6 -1 -2
<0> 14 2 3 7 5 6 -1 <1> 14 2 3 7 5 6 -1 <2> 1 8 11 7 5 13 -1 <3> 1 8 11 7 5 13 -1 <4> 14 8 11 7 5 13 -1 -2
<0> 1 8 3 4 5 6 -1 <1> 14 8 3 7 5 6 -1 <2> 14 8 3 7 5 6 -1 <3> 14 8 3 7 5 6 -1 <4> 14 8 11 7 5 13 -1 -2
<0> 14 8 3 9 5 6 -1 <1> 16 10 11 7 5 18 -1 <2> 16 10 11 7 5 18 -1 -2
<0> 1 2 3 4 5 6 -1 <1> 1 2 3 4 5 6 -1 <2> 1 2 3 4 5 6 -1 <3> 1 2 3 7 5 6 -1 -2
<0> 16 8 3 7 12 13 -1 <1> 14 8 11 7 12 13 -1 <2> 16 8 11 7 5 18 -1 -2
<0> 14 2 15 9 5 6 -1 <1> 16 8 3 4 5 6 -1 <2> 17 8 3 7 5 13 -1 <3> 17 8 3 7 5 13 -1 -2
<0> 14 2 15 9 12 6 -1 <1> 16 2 15 9 12 6 -1 <2> 16 2 15 9 5 6 -1 <3> 16 2 15 9 5 6 -1 <4> 17 2 15 9 5 6 -1 -2
<0> 1 8 3 4 5 6 -1 <1> 1 8 3 4 5 6 -1 -2
<0> 1 8 3 4 5 6 -1 <1> 1 8 3 4 5 6 -1 <2> 1 8 3 4 5 6 -1 <3> 1 8 3 4 5 6 -1 <4> 1 8 3 4 5 6 -1 -2
<0> 1 2 3 7 5 6 -1 <1> 1 8 3 7 5 6 -1 <2> 1 8 3 7 5 6 -1 <3> 14 8 11 7 5 13 -1 -2
<0> 14 2 15 9 12 6 -1 <1> 14 2 3 4 12 6 -1 -2
<0> 1 8 3 9 5 6 -1 <1> 1 8 3 4 5 6 -1 <2> 1 8 3 4 5 6 -1 <3> 1 8 3 7 12 6 -1 <4> 14 8 3 7 12 13 -1 -2
<0> 1 8 3 4 5 6 -1 <1> 1 8 3 4 5 6 -1 <2> 1 8 3 4 5 6 -1 <3> 1 8 3 7 5 6 -1 -2
<0> 14 2 15 9 12 6 -1 <1> 16 8 3 9 12 13 -1 -2
<0> 1 2 15 4 5 6 -1 <1> 14 2 3 4 5 6 -1 <2> 14 8 3 7 5 6 -1 <3> 1 8 3 7 5 6 -1 <4> 14 8 11 7 5 13 -1 -2
<0> 14 8 3 7 5 13 -1 <1> 16 10 11 7 12 13 -1 -2
<0> 1 2 3 4 5 6 -1 <1> 1 2 3 4 5 6 -1 <2> 1 2 3 4 5 6 -1 <3> 1 2 3 4 5 6 -1 <4> 1 2 3 4 5 6 -1 -2
<0> 14 8 15 9 5 6 -1 <1> 14 8 3 4 5 6 -1 <2> 14 8 3 4 5 13 -1 -2
<0> 16 8 11 7 12 13 -1 <1> 17 8 11 7 5 18 -1 <2> 16 8 11 7 5 13 -1 <3> 16 8 11 7 5 13 -1 <4> 16 10 11 7 5 18 -1 -2
<0> 1 8 3 4 5 6 -1 <1> 1 8 3 4 5 6 -1 <2> 1 8 3 4 5 6 -1 <3> 1 8 3 4 5 6 -1 -2
<0> 14 2 15 9 5 6 -1 <1> 16 2 15 9 5 6 -1 <2> 17 2 15 4 12 13 -1 <3> 17 2 15 4 5 6 -1 <4> 17 8 3 4 5 13 -1 -2
<0> 16 2 15 9 5 6 -1 <1> 16 2 15 9 5 6 -1 <2> 14 2 15 9 5 6 -1 <3> 16 2 15 9 5 6 -1 <4> 16 2 15 9 5 6 -1 -2
<0> 1 8 3 9 5 6 -1 <1> 14 8 15 4 5 6 -1 <2> 14 8 3 4 5 6 -1 <3> 14 8 3 7 12 13 -1 <4> 14 8 3 7 12 13 -1 -2
<0> 14 2 15 9 5 6 -1 <1> 14 8 3 4 5 6 -1 <2> 14 8 3 4 5 6 -1 <3> 14 8 3 4 5 6 -1 <4> 14 8 3 4 5 6 -1 -2
<0> 14 8 3 4 5 6 -1 <1> 14 2 3 4 5 6 -1 <2> 14 8 3 7 5 6 -1 <3> 14 8 3 7 5 13 -1 <4> 14 8 11 7 12 13 -1 -2
<0> 16 8 3 9 5 6 -1 <1> 16 8 3 9 5 6 -1 -2
<0> 14 2 15 9 5 6 -1 <1> 14 2 15 9 12 6 -1 <2> 14 2 15 9 12 6 -1 <3> 14 2 15 9 5 6 -1 <4> 16 2 15 9 5 6 -1 -2
<0> 1 2 15 4 5 6 -1 <1> 1 2 15 4 5 6 -1 <2> 14 2 3 4 5 6 -1 <3> 14 2 15 4 5 6 -1 <4> 14 2 15 4 5 6 -1 -2
<0> 14 2 15 4 5 6 -1 <1> 14 8 3 4 5 6 -1 <2> 14 8 3 4 5 6 -1 <3> 14 8 3 4 5 6 -1 <4> 14 8 3 4 5 6 -1 -2
<0> 1 2 15 4 5 6 -1 <1> 1 8 3 4 5 6 -1 <2> 1 8 3 4 5 6 -1 <3> 14 8 3 4 5 6 -1 -2
<0> 1 2 15 4 5 6 -1 <1> 1 2 15 4 5 6 -1 <2> 1 2 15 4 5 6 -1 <3> 1 2 15 4 5 6 -1 <4> 1 2 15 4 5 6 -1 -2
<0> 1 2 3 7 5 6 -1 <1> 1 2 3 4 5 6 -1 <2> 1 2 3 7 5 6 -1 -2
<0> 14 2 15 4 12 6 -1 <1> 14 2 15 4 12 6 -1 -2
<0> 1 8 3 4 12 6 -1 <1> 1 2 3 4 5 6 -1 <2> 1 8 3 4 12 6 -1 <3> 1 8 3 4 5 6 -1 <4> 1 8 3 4 12 6 -1 -2
<0> 14 8 3 9 5 6 -1 <1> 14 10 3 9 5 6 -1 <2> 14 10 3 9 12 13 -1 <3> 14 10 3 4 5 13 -1 <4> 14 10 11 4 5 13 -1 -2
<0> 1 8 3 4 5 6 -1 <1> 1 8 11 7 12 13 -1 <2> 1 8 11 7 5 13 -1 <3> 1 10 11 7 12 13 -1 <4> 14 10 11 7 12 13 -1 -2
<0> 14 8 15 4 5 6 -1 <1> 14 8 3 4 5 6 -1 -2
<0> 16 2 15 9 5 6 -1 <1> 17 2 15 9 5 6 -1 <2> 17 2 15 9 5 6 -1 -2
<0> 14 8 3 7 5 13 -1 <1> 14 10 11 7 5 18 -1 <2> 16 10 11 7 5 18 -1 -2
<0> 14 2 15 9 5 6 -1 <1> 16 2 15 9 12 6 -1 -2
<0> 1 8 3 4 5 6 -1 <1> 1 8 3 4 12 6 -1 <2> 1 10 3 4 12 13 -1 -2
<0> 1 10 11 4 5 13 -1 <1> 1 10 11 7 5 13 -1 <2> 1 10 11 7 5 13 -1 <3> 1 10 11 7 5 13 -1 <4> 1 10 11 7 5 13 -1 -2
<0> 1 2 3 7 5 6 -1 <1> 1 2 3 7 5 6 -1 <2> 1 2 3 7 5 6 -1 -2
<0> 1 8 3 4 5 6 -1 <1> 1 10 3 4 5 6 -1 <2> 14 10 11 4 5 13 -1 <3> 14 10 11 7 12 13 -1 -2
<0> 1 2 15 4 5 6 -1 <1> 1 2 15 4 5 6 -1 <2> 1 2 15 4 5 6 -1 <3> 1 2 15 4 5 6 -1 <4> 1 8 3 4 5 6 -1 -2
<0> 14 2 15 9 12 6 -1 <1> 14 2 15 9 12 6 -1 -2
<0> 1 2 3 4 5 6 -1 <1> 1 2 3 4 5 6 -1 <2> 1 2 3 7 5 6 -1 -2
<0> 14 8 3 9 5 6 -1 <1> 14 10 11 4 5 13 -1 <2> 14 10 11 4 5 13 -1 -2
<0> 14 2 15 9 5 6 -1 <1> 16 2 15 9 5 6 -1 <2> 16 2 15 4 12 6 -1 <3> 16 8 15 4 5 6 -1 -2
<0> 1 2 3 7 5 6 -1 <1> 14 2 3 7 12 13 -1 -2
<0> 14 8 3 4 5 6 -1 <1> 16 8 3 4 5 6 -1 -2
<0> 14 2 15 4 5 6 -1 <1> 14 8 3 4 5 6 -1 -2
<0> 16 10 11 4 5 13 -1 <1> 17 8 3 4 5 13 -1 <2> 17 8 3 4 5 13 -1 -2
<0> 1 8 3 4 5 6 -1 <1> 14 8 3 4 5 6 -1 <2> 1 8 3 4 5 6 -1 <3> 14 8 3 4 5 6 -1 <4> 1 8 3 4 5 6 -1 -2
<0> 14 8 11 7 5 13 -1 <1> 14 8 11 7 5 13 -1 -2
<0> 14 8 3 9 5 6 -1 <1> 14 8 3 9 5 6 -1 <2> 14 8 3 4 5 6 -1 -2
<0> 1 8 3 9 5 6 -1 <1> 14 10 3 4 12 13 -1 -2
<0> 16 10 3 4 12 13 -1 <1> 16 10 11 7 12 13 -1 -2
<0> 14 2 15 9 5 6 -1 <1> 14 8 15 9 5 6 -1 <2> 16 2 15 9 12 6 -1 <3> 17 2 15 4 12 13 -1 -2
<0> 1 8 3 9 5 6 -1 <1> 1 8 3 9 5 6 -1 <2> 1 8 3 4 12 6 -1 -2
<0> 1 2 3 4 5 6 -1 <1> 14 2 3 4 5 6 -1 <2> 14 2 3 4 12 6 -1 <3> 16 2 3 7 12 13 -1 <4> 17 8 11 7 12 18 -1 -2
<0> 14 8 3 9 5 6 -1 <1> 14 8 3 4 12 13 -1 -2
<0> 1 8 3 9 5 6 -1 <1> 1 10 3 9 5 6 -1 -2
<0> 16 10 11 7 5 18 -1 <1> 16 10 11 7 5 18 -1 <2> 16 10 11 7 5 18 -1 <3> 16 10 11 7 5 18 -1 -2
<0> 14 2 15 9 12 6 -1 <1> 14 8 3 4 5 6 -1 <2> 16 2 15 4 12 6 -1 <3> 16 8 3 4 12 13 -1 -2
<0> 14 2 15 9 5 6 -1 <1> 16 8 15 4 5 6 -1 <2> 16 8 3 4 12 13 -1 -2
<0> 16 8 3 4 5 13 -1 <1> 16 10 11 7 12 18 -1 <2> 16 10 11 7 12 18 -1 -2
<0> 14 2 15 9 5 6 -1 <1> 14 2 15 9 12 6 -1 <2> 14 2 15 9 12 6 -1 <3> 16 2 15 9 12 6 -1 <4> 14 2 15 9 12 6 -1 -2
<0> 1 2 3 4 5 6 -1 <1> 1 2 15 4 5 6 -1 <2> 1 2 3 4 5 6 -1 <3> 1 2 3 7 5 6 -1 <4> 1 2 3 4 5 6 -1 -2
<0> 1 2 15 4 5 6 -1 <1> 1 2 3 4 5 6 -1 -2
<0> 1 2 3 4 5 6 -1 <1> 1 2 15 4 5 6 -1 <2> 1 2 3 4 12 6 -1 <3> 1 2 3 4 5 6 -1 <4> 1 2 3 7 5 6 -1 -2
<0> 1 8 3 7 5 13 -1 <1> 1 8 11 7 5 13 -1 <2> 14 8 11 7 5 13 -1 <3> 1 10 11 7 5 13 -1 -2
<0> 1 2 3 4 5 6 -1 <1> 1 8 3 4 5 6 -1 <2> 1 8 3 4 5 6 -1 <3> 14 8 3 7 5 13 -1 <4> 16 10 11 7 5 13 -1 -2
<0> 1 8 3 9 5 6 -1 <1> 1 8 3 9 5 6 -1 <2> 1 8 3 9 5 6 -1 <3> 1 8 3 9 5 6 -1 <4> 1 8 3 9 5 6 -1 -2
<0> 1 2 15 4 5 6 -1 <1> 14 8 3 7 5 6 -1 <2> 14 8 3 7 5 6 -1 -2
<0> 16 2 15 9 12 6 -1 <1> 14 2 15 9 12 6 -1 -2
<0> 1 8 3 4 5 6 -1 <1> 1 8 3 4 5 6 -1 <2> 1 8 3 4 12 6 -1 -2
<0> 1 8 3 9 12 6 -1 <1> 1 8 3 4 12 6 -1 -2
<0> 1 2 15 4 5 6 -1 <1> 1 2 15 4 5 6 -1 -2
<0> 1 8 15 9 5 6 -1 <1> 1 8 3 9 5 6 -1 <2> 1 8 3 9 5 6 -1 <3> 1 8 3 9 12 6 -1 <4> 1 8 3 9 12 6 -1 -2
<0> 14 8 15 4 5 6 -1 <1> 14 8 15 4 12 6 -1 -2
<0> 14 2 15 9 5 6 -1 <1> 14 2 15 9 5 6 -1 <2> 14 2 15 4 5 6 -1 -2
<0> 1 2 3 7 5 6 -1 <1> 1 8 3 7 5 6 -1 -2
<0> 14 2 15 9 12 6 -1 <1> 14 2 15 9 5 6 -1 <2> 16 2 15 9 5 6 -1 <3> 16 2 3 4 5 6 -1 -2
<0> 1 8 3 4 5 6 -1 <1> 1 10 11 7 5 13 -1 <2> 14 10 11 7 5 13 -1 <3> 14 10 11 7 5 13 -1 <4> 14 10 11 7 5 13 -1 -2
<0> 1 2 15 4 5 6 -1 <1> 1 2 3 4 5 6 -1 <2> 14 2 3 7 5 6 -1 <3> 14 2 3 7 12 6 -1 <4> 14 8 11 7 5 13 -1 -2
<0> 14 8 3 4 5 6 -1 <1> 14 10 11 4 12 13 -1 <2> 14 10 11 7 12 18 -1 <3> 14 10 11 7 12 18 -1 <4> 14 10 11 7 12 18 -1 -2
<0> 1 8 3 7 12 6 -1 <1> 1 8 3 4 12 6 -1 <2> 14 10 11 7 12 13 -1 -2
<0> 1 8 3 4 5 6 -1 <1> 1 8 3 4 5 6 -1 -2
<0> 14 2 3 9 5 6 -1 <1> 14 8 3 4 12 6 -1 <2> 14 8 3 9 5 6 -1 <3> 16 8 3 4 5 6 -1 -2
<0> 1 8 3 4 5 6 -1 <1> 1 8 3 4 5 6 -1 <2> 14 8 3 4 12 6 -1 -2
<0> 1 2 15 4 5 6 -1 <1> 1 8 3 4 5 6 -1 <2> 1 8 3 4 5 6 -1 <3> 1 8 15 4 12 6 -1 <4> 1 8 15 4 12 6 -1 -2
<0> 1 8 11 7 5 13 -1 <1> 14 10 11 7 5 13 -1 -2
<0> 1 8 3 7 5 6 -1 <1> 1 8 3 7 5 6 -1 <2> 14 8 11 7 5 13 -1 <3> 14 10 11 7 5 13 -1 <4> 14 10 11 7 5 13 -1 -2
<0> 17 2 15 9 5 6 -1 <1> 17 2 15 9 12 6 -1 <2> 17 2 15 9 5 6 -1 <3> 16 2 15 9 5 6 -1 <4> 16 2 3 4 5 6 -1 -2
<0> 14 8 3 9 5 6 -1 <1> 14 8 3 9 5 6 -1 <2> 14 8 3 4 12 6 -1 <3> 16 8 3 4 12 13 -1 -2
<0> 14 2 15 4 5 6 -1 <1> 14 8 3 4 5 6 -1 <2> 14 8 3 4 5 6 -1 -2
<0> 1 8 3 9 5 6 -1 <1> 1 8 3 9 5 6 -1 <2> 1 8 3 9 5 6 -1 <3> 1 10 3 9 5 6 -1 <4> 1 10 3 9 5 6 -1 -2
<0> 1 10 11 9 12 13 -1 <1> 1 10 11 9 5 13 -1 <2> 1 10 11 4 12 13 -1 <3> 1 10 11 4 12 13 -1 -2
<0> 14 10 3 4 5 13 -1 <1> 14 10 11 4 12 13 -1 -2
<0> 16 8 3 4 12 13 -1 <1> 16 8 3 7 12 13 -1 <2> 17 8 3 4 12 13 -1 -2
<0> 14 8 3 9 5 6 -1 <1> 16 8 3 9 5 6 -1 -2
<0> 1 2 3 4 5 6 -1 <1> 14 2 3 4 5 6 -1 <2> 1 2 3 4 12 6 -1 <3> 14 2 3 4 12 6 -1 <4> 1 2 3 4 12 6 -1 -2
<0> 1 2 3 4 5 6 -1 <1> 14 8 11 7 12 13 -1 <2> 14 8 11 7 5 13 -1 -2
<0> 14 2 15 9 5 6 -1 <1> 14 2 15 9 5 6 -1 <2> 14 2 15 4 5 6 -1 <3> 16 2 3 4 5 6 -1 <4> 17 10 11 7 5 18 -1 -2
<0> 14 8 3 4 12 6 -1 <1> 16 8 3 4 12 13 -1 <2> 16 8 3 4 12 13 -1 -2
<0> 1 8 3 4 5 6 -1 <1> 1 8 3 4 5 6 -1 <2> 1 8 3 7 5 6 -1 <3> 1 8 3 4 5 6 -1 <4> 1 8 3 4 5 6 -1 -2
<0> 1 8 15 9 5 6 -1 <1> 1 8 3 9 5 6 -1 <2> 1 8 3 9 5 6 -1 <3> 1 8 3 9 5 6 -1 <4> 1 8 3 9 12 6 -1 -2
<0> 1 2 3 4 5 6 -1 <1> 14 2 15 4 5 6 -1 <2> 14 8 3 4 12 6 -1 -2
<0> 1 8 3 9 5 6 -1 <1> 1 8 3 9 5 6 -1 <2> 1 8 3 9 5 6 -1 <3> 1 8 3 9 5 6 -1 <4> 1 8 3 9 5 6 -1 -2
<0> 1 8 3 9 5 6 -1 <1> 1 8 3 9 5 6 -1 <2> 1 8 3 9 5 6 -1 <3> 1 8 3 9 5 6 -1 -2
<0> 14 8 11 7 5 13 -1 <1> 14 8 3 4 5 13 -1 <2> 14 8 3 4 12 6 -1 <3> 14 8 11 7 12 13 -1 -2
<0> 1 8 3 4 5 6 -1 <1> 1 10 3 4 5 6 -1 <2> 1 10 3 7 5 13 -1 <3> 1 10 11 7 5 13 -1 -2
<0> 14 8 3 4 5 6 -1 <1> 14 8 3 7 5 13 -1 -2
<0> 1 8 3 9 5 6 -1 <1> 1 10 11 9 5 6 -1 <2> 1 10 11 4 12 13 -1 <3> 1 10 11 4 12 13 -1 <4> 1 10 11 4 5 13 -1 -2
<0> 1 8 3 9 5 6 -1 <1> 14 8 15 9 5 6 -1 <2> 1 8 3 4 5 6 -1 <3> 1 8 3 4 5 6 -1 -2
<0> 1 2 3 9 5 6 -1 <1> 14 8 3 4 5 6 -1 <2> 14 8 3 4 5 6 -1 <3> 14 8 3 4 5 6 -1 -2
<0> 14 2 15 9 12 6 -1 <1> 14 2 15 9 12 6 -1 <2> 14 2 15 4 12 6 -1 -2
<0> 14 8 15 9 5 6 -1 <1> 1 8 15 9 5 6 -1 <2> 1 8 3 9 5 6 -1 <3> 1 8 3 9 5 6 -1 <4> 1 8 3 4 5 6 -1 -2
<0> 14 10 11 4 12 13 -1 <1> 14 10 11 7 5 13 -1 <2> 14 10 11 4 12 13 -1 <3> 14 10 11 7 5 13 -1 <4> 14 10 11 7 5 13 -1 -2
<0> 1 8 3 9 5 6 -1 <1> 1 8 3 4 5 6 -1 <2> 1 8 3 4 12 6 -1 -2
<0> 1 2 15 4 5 6 -1 <1> 1 2 3 4 5 6 -1 <2> 1 2 3 4 5 6 -1 <3> 1 8 3 4 5 6 -1 -2
<0> 14 2 15 9 5 6 -1 <1> 14 2 15 9 12 6 -1 -2
<0> 14 2 15 4 5 6 -1 <1> 14 2 15 4 5 6 -1 <2> 14 2 3 4 5 6 -1 <3> 14 2 3 7 5 6 -1 <4> 16 8 3 7 5 13 -1 -2
<0> 1 2 15 4 5 6 -1 <1> 1 2 15 4 5 6 -1 <2> 1 2 15 4 5 6 -1 <3> 1 2 3 4 5 6 -1 <4> 1 2 3 4 5 6 -1 -2
<0> 1 2 15 4 5 6 -1 <1> 1 8 15 4 5 6 -1 <2> 1 8 3 4 5 6 -1 <3> 1 2 3 4 5 6 -1 <4> 1 8 3 4 5 6 -1 -2
<0> 1 2 15 4 5 6 -1 <1> 1 2 15 4 5 6 -1 <2> 1 8 3 4 5 6 -1 -2
<0> 1 2 15 4 5 6 -1 <1> 1 2 15 4 5 6 -1 <2> 1 2 15 4 5 6 -1 <3> 1 2 15 4 5 6 -1 <4> 1 2 3 4 5 6 -1 -2
<0> 14 2 3 4 5 6 -1 <1> 14 2 15 4 12 6 -1 <2> 14 2 3 4 12 6 -1 <3> 14 2 3 4 12 6 -1 <4> 16 2 3 7 5 13 -1 -2
<0> 14 8 3 4 12 6 -1 <1> 14 8 3 4 12 6 -1 <2> 14 8 3 7 12 13 -1 <3> 14 8 3 7 12 13 -1 -2
<0> 14 2 15 9 5 6 -1 <1> 14 2 15 4 12 6 -1 <2> 14 2 15 9 5 6 -1 <3> 14 2 15 9 5 6 -1 <4> 16 2 15 9 12 6 -1 -2
<0> 1 2 3 4 5 6 -1 <1> 1 8 3 7 5 6 -1 -2
<0> 1 8 15 9 5 6 -1 <1> 1 8 3 9 5 6 -1 <2> 1 10 3 9 5 6 -1 <3> 1 10 3 9 5 6 -1 <4> 1 10 3 9 5 6 -1 -2
<0> 1 2 3 4 5 6 -1 <1> 1 2 15 4 5 6 -1 <2> 1 2 3 7 5 6 -1 <3> 1 2 3 4 5 6 -1 <4> 1 2 3 4 5 6 -1 -2
<0> 16 2 15 9 12 6 -1 <1> 16 2 15 9 12 6 -1 <2> 17 2 3 4 12 13 -1 <3> 17 2 3 4 12 13 -1 <4> 17 8 3 4 12 13 -1 -2
<0> 16 8 3 4 12 6 -1 <1> 16 8 3 4 12 13 -1 -2
<0> 14 8 3 4 12 13 -1 <1> 14 8 3 7 12 13 -1 -2
<0> 1 10 11 7 12 13 -1 <1> 1 10 11 7 5 13 -1 <2> 1 10 11 7 12 18 -1 -2
<0> 1 2 3 4 5 6 -1 <1> 1 2 15 4 5 6 -1 <2> 1 2 3 4 5 6 -1 <3> 1 2 3 4 5 6 -1 <4> 1 2 15 4 5 6 -1 -2
<0> 14 8 3 9 5 6 -1 <1> 14 8 3 4 5 6 -1 <2> 14 8 3 4 5 6 -1 <3> 14 10 11 4 5 13 -1 -2
<0> 1 8 11 7 12 13 -1 <1> 1 10 3 7 12 13 -1 -2
<0> 1 8 3 9 5 6 -1 <1> 1 2 3 9 5 6 -1 <2> 1 8 3 9 5 6 -1 <3> 1 8 3 9 5 6 -1 <4> 1 8 15 9 5 6 -1 -2
<0> 16 8 3 4 5 13 -1 <1> 14 2 15 9 5 6 -1 <2> 17 8 15 4 5 13 -1 -2
<0> 16 2 3 4 12 6 -1 <1> 16 2 15 4 12 6 -1 -2
<0> 1 2 3 4 5 6 -1 <1> 1 2 3 4 5 6 -1 <2> 1 8 3 4 5 6 -1 <3> 1 8 3 4 5 6 -1 <4> 1 8 3 4 5 6 -1 -2
<0> 14 2 15 4 5 6 -1 <1> 14 2 15 9 5 6 -1 <2> 14 2 15 4 5 6 -1 <3> 16 2 15 4 5 6 -1 <4> 16 8 3 7 5 13 -1 -2
<0> 1 8 3 4 5 6 -1 <1> 1 8 3 7 5 6 -1 <2> 1 10 11 7 5 13 -1 <3> 1 8 11 7 5 13 -1 <4> 1 10 11 7 5 13 -1 -2
<0> 1 8 3 9 5 6 -1 <1> 1 10 3 4 12 6 -1 <2> 1 8 3 9 5 6 -1 <3> 1 10 3 9 5 6 -1 <4> 1 8 3 9 5 6 -1 -2
<0> 14 2 15 9 5 6 -1 <1> 14 2 15 4 5 6 -1 <2> 14 2 15 9 5 6 -1 <3> 14 8 15 9 12 6 -1 <4> 14 8 3 4 12 13 -1 -2
<0> 1 8 3 4 12 6 -1 <1> 1 8 3 7 12 13 -1 <2> 1 8 3 4 5 6 -1 <3> 14 8 11 7 12 13 -1 -2
<0> 1 2 3 4 12 6 -1 <1> 1 8 3 4 5 6 -1 <2> 1 8 11 7 5 13 -1 -2
<0> 1 2 3 7 5 6 -1 <1> 1 2 3 7 12 13 -1 <2> 14 8 11 7 12 13 -1 -2
<0> 14 2 15 9 5 6 -1 <1> 14 2 15 9 5 6 -1 <2> 14 2 3 4 12 6 -1 -2
<0> 14 2 3 4 5 6 -1 <1> 14 8 3 4 12 13 -1 -2
<0> 16 2 15 9 12 6 -1 <1> 17 2 15 9 5 6 -1 <2> 17 2 15 9 5 6 -1 -2
<0> 1 2 15 4 5 6 -1 <1> 1 2 15 4 5 6 -1 <2> 1 2 15 4 5 6 -1 <3> 1 2 3 4 5 6 -1 <4> 1 2 3 4 5 6 -1 -2
<0> 14 8 3 4 5 6 -1 <1> 14 8 3 4 5 6 -1 <2> 14 8 3 4 5 6 -1 <3> 14 8 3 4 5 6 -1 <4> 14 8 3 4 5 6 -1 -2
<0> 14 10 11 7 5 13 -1 <1> 14 10 11 7 12 18 -1 -2
<0> 1 2 15 4 5 6 -1 <1> 1 2 15 4 5 6 -1 <2> 1 2 15 4 5 6 -1 <3> 1 2 3 4 5 6 -1 <4> 1 2 11 7 5 13 -1 -2
<0> 16 2 15 9 12 6 -1 <1> 16 8 3 4 12 6 -1 <2> 17 8 3 4 12 13 -1 -2
<0> 16 8 3 4 5 13 -1 <1> 16 8 3 7 5 13 -1 -2
<0> 14 2 15 9 5 6 -1 <1> 14 8 3 4 5 6 -1 <2> 16 2 3 4 12 6 -1 <3> 16 2 3 4 12 6 -1 -2
<0> 14 2 3 7 5 6 -1 <1> 1 8 11 7 12 13 -1 <2> 1 8 11 7 12 13 -1 <3> 14 10 11 7 5 13 -1 -2
<0> 16 10 3 9 12 13 -1 <1> 16 10 11 4 5 18 -1 <2> 16 10 11 7 5 18 -1 <3> 17 10 11 7 12 18 -1 <4> 17 10 11 7 12 18 -1 -2
<0> 1 2 11 7 12 6 -1 <1> 1 8 3 7 12 13 -1 -2
<0> 1 8 3 4 12 6 -1 <1> 1 8 3 4 5 6 -1 <2> 1 8 3 4 12 6 -1 <3> 1 8 3 4 5 6 -1 <4> 1 8 3 4 5 6 -1 -2
<0> 14 8 3 9 5 6 -1 <1> 14 2 15 9 5 6 -1 <2> 16 8 3 4 5 6 -1 -2
<0> 14 2 15 9 5 6 -1 <1> 16 2 15 9 5 6 -1 <2> 17 2 15 9 5 6 -1 <3> 16 2 15 4 5 6 -1 <4> 17 2 15 9 5 6 -1 -2
<0> 16 2 15 4 5 6 -1 <1> 16 2 15 9 5 6 -1 <2> 17 2 3 9 5 6 -1 <3> 17 8 3 4 5 13 -1 -2
<0> 14 2 15 9 5 6 -1 <1> 16 2 15 9 5 6 -1 <2> 16 2 15 9 12 6 -1 <3> 17 2 3 4 12 13 -1 -2
<0> 1 2 15 4 5 6 -1 <1> 1 2 15 4 5 6 -1 <2> 1 2 15 4 5 6 -1 <3> 1 2 15 4 5 6 -1 <4> 1 2 15 4 5 6 -1 -2
<0> 1 2 3 7 12 6 -1 <1> 1 2 3 4 12 6 -1 <2> 1 2 3 4 12 6 -1 <3> 14 8 3 7 12 6 -1 <4> 1 2 3 7 12 6 -1 -2
<0> 14 8 3 4 12 13 -1 <1> 14 8 3 4 12 13 -1 <2> 14 8 3 4 12 13 -1 <3> 14 8 3 7 12 13 -1 <4> 1 10 3 7 12 13 -1 -2
<0> 1 2 15 4 5 6 -1 <1> 1 2 15 4 5 6 -1 <2> 1 2 15 4 5 6 -1 <3> 1 2 15 4 5 6 -1 <4> 1 2 15 4 5 6 -1 -2
<0> 14 10 3 9 5 6 -1 <1> 14 10 3 9 5 6 -1 -2
<0> 1 2 3 7 5 6 -1 <1> 1 8 11 7 12 13 -1 <2> 1 8 3 7 12 6 -1 <3> 1 8 3 7 12 6 -1 -2
<0> 14 2 15 9 5 6 -1 <1> 14 2 15 9 5 6 -1 <2> 16 2 15 9 5 6 -1 <3> 16 2 15 9 5 6 -1 <4> 16 8 15 9 5 6 -1 -2
<0> 1 8 3 4 5 6 -1 <1> 1 8 3 4 5 6 -1 <2> 1 8 3 4 5 6 -1 <3> 1 8 3 4 5 6 -1 <4> 1 8 3 7 5 6 -1 -2
<0> 1 8 3 7 5 13 -1 <1> 1 8 11 7 12 13 -1 -2
<0> 16 8 3 4 12 13 -1 <1> 14 8 11 7 12 13 -1 -2
<0> 16 2 15 4 5 6 -1 <1> 14 2 15 9 5 6 -1 <2> 16 2 15 9 5 6 -1 <3> 16 2 15 4 5 6 -1 <4> 14 2 15 4 5 6 -1 -2
<0> 1 8 3 4 5 6 -1 <1> 14 8 3 4 5 6 -1 <2> 1 8 11 4 5 6 -1 <3> 1 10 11 4 12 13 -1 <4> 14 10 11 4 12 13 -1 -2
<0> 16 2 15 9 5 6 -1 <1> 16 2 15 9 5 6 -1 -2
<0> 14 2 15 4 5 6 -1 <1> 1 2 15 4 5 6 -1 <2> 1 2 15 4 5 6 -1 <3> 1 2 15 4 5 6 -1 <4> 1 2 15 4 5 6 -1 -2
<0> 1 2 3 4 5 6 -1 <1> 1 8 3 4 5 6 -1 <2> 1 8 3 7 5 6 -1 -2
<0> 1 8 3 7 12 13 -1 <1> 1 8 3 7 5 6 -1 <2> 14 8 11 7 5 13 -1 <3> 14 8 3 7 12 13 -1 <4> 1 8 3 7 5 6 -1 -2
<0> 1 8 3 9 12 6 -1 <1> 1 8 3 9 5 6 -1 <2> 1 10 3 9 5 6 -1 <3> 1 10 3 9 5 6 -1 <4> 1 10 11 9 5 6 -1 -2
<0> 14 8 3 9 5 6 -1 <1> 16 8 3 4 5 6 -1 <2> 16 8 3 7 5 13 -1 -2
<0> 14 8 15 9 5 6 -1 <1> 14 8 3 9 12 6 -1 -2
<0> 1 8 3 4 12 6 -1 <1> 1 8 3 4 12 6 -1 <2> 14 8 11 7 12 13 -1 <3> 14 8 11 7 5 13 -1 <4> 14 8 11 7 5 13 -1 -2
<0> 14 2 15 4 5 6 -1 <1> 14 2 15 4 5 6 -1 <2> 16 2 15 4 5 6 -1 <3> 14 8 3 4 5 6 -1 <4> 16 8 3 4 5 6 -1 -2
<0> 1 2 3 9 5 6 -1 <1> 1 8 3 9 5 6 -1 <2> 1 8 3 9 5 6 -1 <3> 1 8 3 9 5 6 -1 -2
<0> 14 8 3 9 5 6 -1 <1> 14 8 3 4 5 6 -1 <2> 14 8 3 9 5 6 -1 <3> 1 8 3 9 5 6 -1 <4> 14 8 3 9 12 6 -1 -2
<0> 1 8 3 9 12 6 -1 <1> 14 8 3 4 12 13 -1 -2
<0> 1 8 3 7 5 6 -1 <1> 1 8 3 7 5 6 -1 <2> 1 8 3 7 5 6 -1 <3> 1 8 3 7 5 6 -1 -2
<0> 14 2 15 9 12 6 -1 <1> 16 2 15 9 12 6 -1 -2
<0> 1 2 3 4 5 6 -1 <1> 1 8 3 4 5 6 -1 <2> 1 8 3 4 5 6 -1 <3> 1 2 3 9 5 6 -1 <4> 1 2 3 4 5 6 -1 -2
<0> 1 2 3 4 5 6 -1 <1> 1 2 3 4 5 6 -1 <2> 1 2 3 4 5 6 -1 <3> 1 2 3 4 5 6 -1 <4> 1 2 3 4 5 6 -1 -2
<0> 1 8 15 9 5 6 -1 <1> 1 8 3 9 5 6 -1 <2> 1 8 3 9 5 6 -1 <3> 1 8 15 9 5 6 -1 <4> 1 8 3 9 5 6 -1 -2
<0> 1 8 3 4 5 6 -1 <1> 1 8 3 4 5 6 -1 <2> 1 8 3 4 5 6 -1 -2
<0> 1 2 15 7 12 6 -1 <1> 14 2 3 7 12 6 -1 <2> 14 8 3 7 5 13 -1 <3> 16 8 3 7 12 13 -1 <4> 16 2 3 7 12 13 -1 -2
<0> 1 2 3 7 5 6 -1 <1> 1 2 3 7 5 6 -1 <2> 1 2 3 7 5 6 -1 <3> 1 2 3 7 5 6 -1 <4> 1 8 3 7 5 6 -1 -2
<0> 1 10 11 4 12 13 -1 <1> 1 10 11 9 5 13 -1 <2> 1 10 11 9 5 13 -1 <3> 1 10 11 4 5 13 -1 <4> 1 10 11 4 5 13 -1 -2
<0> 1 8 3 7 5 6 -1 <1> 1 8 11 7 5 13 -1 <2> 14 8 11 7 5 13 -1 -2
<0> 14 8 3 7 12 6 -1 <1> 14 10 3 7 5 13 -1 <2> 14 8 11 7 5 13 -1 <3> 14 10 11 7 5 13 -1 <4> 14 8 11 7 5 13 -1 -2
<0> 1 8 3 4 12 6 -1 <1> 14 10 11 7 12 13 -1 <2> 14 10 11 7 5 13 -1 <3> 14 10 11 7 12 18 -1 -2
<0> 14 8 15 4 12 6 -1 <1> 1 8 3 4 5 6 -1 <2> 1 8 3 4 5 6 -1 <3> 14 10 3 7 5 13 -1 <4> 14 10 3 7 5 13 -1 -2
<0> 1 8 3 9 12 6 -1 <1> 1 8 3 9 12 6 -1 <2> 1 8 3 9 5 6 -1 <3> 1 8 15 4 12 6 -1 <4> 1 8 3 9 12 6 -1 -2
<0> 16 2 15 9 12 6 -1 <1> 16 8 3 9 5 6 -1 <2> 16 8 3 9 12 6 -1 -2
<0> 1 8 3 7 5 6 -1 <1> 1 8 3 7 5 6 -1 <2> 1 8 3 7 5 6 -1 <3> 1 8 3 7 5 6 -1 <4> 1 8 15 4 5 6 -1 -2
<0> 16 10 11 7 12 18 -1 <1> 14 10 11 7 12 13 -1 <2> 14 10 11 7 12 13 -1 <3> 14 10 11 7 5 13 -1 <4> 14 10 11 7 5 13 -1 -2
<0> 1 8 3 9 5 6 -1 <1> 1 8 3 9 5 6 -1 <2> 14 8 3 9 5 6 -1 <3> 1 8 3 9 5 6 -1 <4> 1 8 3 4 5 6 -1 -2
<0> 1 8 3 9 5 6 -1 <1> 1 8 15 9 5 6 -1 <2> 1 8 15 9 5 6 -1 <3> 1 8 3 9 5 6 -1 <4> 1 8 3 9 5 6 -1 -2
<0> 14 8 15 9 12 6 -1 <1> 14 8 3 9 5 6 -1 <2> 14 8 3 9 5 6 -1 <3> 14 8 3 4 5 6 -1 <4> 14 8 3 4 5 6 -1 -2
<0> 1 10 11 4 12 13 -1 <1> 1 10 11 7 5 13 -1 -2
<0> 1 8 3 4 5 6 -1 <1> 1 8 3 4 5 6 -1 <2> 1 10 11 7 5 13 -1 -2
<0> 1 2 3 4 5 6 -1 <1> 1 2 15 7 5 6 -1 -2
<0> 1 2 3 4 5 6 -1 <1> 1 8 3 4 5 6 -1 <2> 1 2 3 7 5 6 -1 <3> 1 2 3 7 5 6 -1 <4> 1 2 3 7 5 6 -1 -2
<0> 14 2 15 9 5 6 -1 <1> 14 2 15 9 5 6 -1 <2> 14 2 15 9 5 6 -1 <3> 14 2 15 9 5 6 -1 -2
<0> 1 2 15 4 5 6 -1 <1> 1 2 3 4 5 6 -1 <2> 1 2 3 4 5 6 -1 <3> 1 2 3 4 5 6 -1 <4> 1 2 3 4 5 6 -1 -2
<0> 14 8 3 9 5 6 -1 <1> 16 8 3 9 5 6 -1 <2> 16 8 3 4 5 13 -1 <3> 17 8 3 9 12 13 -1 -2
<0> 1 8 3 7 5 6 -1 <1> 1 8 3 7 5 13 -1 <2> 14 8 3 7 5 13 -1 -2
<0> 1 2 3 4 5 6 -1 <1> 1 2 3 4 5 6 -1 <2> 1 2 3 4 5 6 -1 <3> 1 2 3 7 5 6 -1 <4> 1 8 3 7 12 6 -1 -2
<0> 14 8 3 4 12 6 -1 <1> 14 8 3 4 12 6 -1 <2> 16 8 3 4 12 13 -1 <3> 16 8 3 4 12 13 -1 <4> 17 8 11 4 12 13 -1 -2
<0> 1 8 3 4 5 6 -1 <1> 1 8 3 4 12 6 -1 <2> 1 8 3 4 5 6 -1 -2
<0> 1 8 15 4 5 6 -1 <1> 1 8 3 4 5 6 -1 <2> 1 8 3 4 12 6 -1 <3> 1 8 3 7 5 6 -1 <4> 1 8 11 4 5 6 -1 -2
<0> 1 2 3 7 5 6 -1 <1> 1 2 15 7 5 6 -1 <2> 1 2 3 7 5 6 -1 <3> 1 2 15 7 5 6 -1 <4> 1 2 3 7 5 6 -1 -2
<0> 14 8 3 7 5 6 -1 <1> 1 10 11 7 5 13 -1 <2> 16 10 11 7 5 13 -1 <3> 16 10 11 7 5 13 -1 <4> 16 10 11 7 5 18 -1 -2
<0> 1 8 3 4 5 6 -1 <1> 14 8 11 7 12 13 -1 -2
<0> 1 2 15 4 5 6 -1 <1> 1 2 15 4 5 6 -1 <2> 1 2 15 4 5 6 -1 <3> 1 2 15 4 5 6 -1 <4> 1 2 15 4 5 6 -1 -2
<0> 14 8 3 4 5 6 -1 <1> 14 8 15 4 5 6 -1 -2
<0> 14 8 3 4 5 6 -1 <1> 16 8 3 4 12 13 -1 -2
<0> 1 8 3 9 5 6 -1 <1> 1 8 3 9 5 6 -1 <2> 1 8 3 4 5 6 -1 <3> 1 10 3 4 5 6 -1 <4> 14 10 3 4 5 13 -1 -2
<0> 1 2 11 7 5 6 -1 <1> 1 2 11 7 5 6 -1 <2> 1 8 11 7 5 13 -1 -2
<0> 1 8 3 7 5 6 -1 <1> 14 8 3 7 5 13 -1 -2
<0> 14 2 15 9 12 6 -1 <1> 14 2 15 9 5 6 -1 <2> 14 2 15 9 5 6 -1 <3> 14 2 15 9 5 6 -1 <4> 16 2 15 9 5 6 -1 -2
<0> 1 2 3 4 5 6 -1 <1> 1 2 15 4 5 6 -1 <2> 1 2 3 4 12 6 -1 -2
<0> 1 8 15 9 5 6 -1 <1> 1 8 3 9 5 6 -1 <2> 1 8 3 4 5 6 -1 <3> 1 8 3 4 12 6 -1 <4> 1 8 11 9 12 6 -1 -2
<0> 14 10 11 7 5 13 -1 <1> 14 10 11 7 5 13 -1 -2
<0> 1 2 15 4 5 6 -1 <1> 1 2 3 4 5 6 -1 <2> 1 8 3 7 5 6 -1 <3> 14 8 11 7 5 13 -1 -2
<0> 1 2 3 4 5 6 -1 <1> 1 8 3 9 5 6 -1 <2> 1 8 3 4 5 6 -1 <3> 1 8 3 4 5 6 -1 <4> 1 8 3 4 12 6 -1 -2
<0> 1 8 3 4 5 6 -1 <1> 1 8 3 4 5 6 -1 <2> 14 8 3 4 5 6 -1 <3> 1 8 3 7 5 6 -1 <4> 1 10 3 7 5 13 -1 -2
<0> 14 2 3 4 5 6 -1 <1> 1 2 15 4 5 6 -1 <2> 1 2 15 4 5 6 -1 <3> 1 2 3 4 5 6 -1 <4> 1 2 15 4 5 6 -1 -2
<0> 14 8 3 9 5 6 -1 <1> 1 8 3 9 5 6 -1 <2> 14 10 11 4 5 6 -1 -2
<0> 1 8 3 7 5 13 -1 <1> 1 8 3 7 12 6 -1 <2> 14 8 3 7 5 13 -1 -2
<0> 1 2 15 4 5 6 -1 <1> 1 2 15 4 5 6 -1 <2> 1 2 15 4 5 6 -1 <3> 1 2 15 4 5 6 -1 <4> 1 2 15 4 5 6 -1 -2
<0> 1 8 3 4 12 6 -1 <1> 1 8 3 4 12 6 -1 <2> 14 8 3 7 12 6 -1 -2
<0> 1 2 15 4 5 6 -1 <1> 1 2 3 7 5 6 -1 <2> 1 2 3 7 5 6 -1 -2
<0> 14 8 15 9 5 6 -1 <1> 14 8 3 4 12 6 -1 -2
<0> 1 2 3 4 5 6 -1 <1> 1 2 3 4 5 6 -1 <2> 1 2 15 4 5 6 -1 <3> 1 2 15 4 5 6 -1 <4> 1 2 3 4 5 6 -1 -2
<0> 14 8 3 4 5 6 -1 <1> 14 8 3 4 5 6 -1 <2> 14 8 3 4 5 6 -1 <3> 14 8 3 4 5 6 -1 <4> 14 8 3 4 5 6 -1 -2
<0> 1 8 3 9 5 6 -1 <1> 1 8 3 9 5 6 -1 <2> 1 8 3 9 5 6 -1 <3> 1 8 3 9 5 6 -1 <4> 1 8 3 9 5 6 -1 -2
<0> 1 2 3 4 5 6 -1 <1> 14 10 11 7 12 13 -1 <2> 14 10 11 7 5 13 -1 -2
<0> 1 2 15 4 5 6 -1 <1> 1 2 15 4 5 6 -1 <2> 1 2 15 4 12 6 -1 <3> 1 2 15 4 5 6 -1 <4> 1 2 15 4 12 6 -1 -2
<0> 1 2 3 4 5 6 -1 <1> 1 2 3 4 5 6 -1 <2> 1 2 15 4 5 6 -1 <3> 1 2 3 7 5 6 -1 <4> 1 8 3 7 5 6 -1 -2
<0> 14 8 3 9 12 6 -1 <1> 16 8 3 7 12 13 -1 -2
<0> 1 8 11 7 5 13 -1 <1> 14 10 11 7 5 18 -1 -2
<0> 14 2 15 4 12 6 -1 <1> 16 2 15 4 5 6 -1 -2
<0> 1 8 3 4 12 6 -1 <1> 1 8 3 4 12 6 -1 -2
<0> 1 2 3 4 5 6 -1 <1> 1 2 15 4 5 6 -1 <2> 1 2 3 4 5 6 -1 <3> 1 8 3 4 5 6 -1 <4> 1 8 3 4 12 6 -1 -2
<0> 14 2 3 7 12 6 -1 <1> 14 8 3 7 12 13 -1 -2
<0> 1 2 3 4 5 6 -1 <1> 14 8 3 4 12 6 -1 -2
<0> 14 8 3 4 12 6 -1 <1> 16 8 3 4 12 6 -1 -2
<0> 1 10 3 4 5 6 -1 <1> 1 10 3 4 5 6 -1 <2> 1 10 3 4 5 6 -1 <3> 1 10 11 4 5 13 -1 <4> 14 10 11 7 12 18 -1 -2
<0> 1 8 3 7 5 6 -1 <1> 14 8 11 7 5 13 -1 -2
<0> 1 8 3 9 5 6 -1 <1> 1 8 3 9 5 6 -1 <2> 1 10 3 9 5 6 -1 <3> 1 10 11 9 5 6 -1 <4> 1 10 11 9 5 6 -1 -2
<0> 1 8 15 9 5 6 -1 <1> 1 8 15 9 5 6 -1 <2> 1 8 15 9 5 6 -1 <3> 1 8 15 9 5 6 -1 <4> 1 8 15 9 5 6 -1 -2
<0> 1 8 3 9 5 6 -1 <1> 1 8 3 9 5 6 -1 <2> 1 8 3 9 5 6 -1 <3> 1 8 3 9 5 6 -1 <4> 1 8 3 4 5 6 -1 -2
<0> 14 8 3 4 12 6 -1 <1> 14 8 3 4 5 13 -1 -2
<0> 1 2 3 7 5 6 -1 <1> 1 2 3 7 5 6 -1 -2
<0> 1 8 3 4 12 6 -1 <1> 1 8 3 4 12 6 -1 <2> 1 8 3 4 5 6 -1 <3> 1 8 3 4 12 6 -1 <4> 14 10 3 4 12 13 -1 -2
<0> 1 8 3 9 5 6 -1 <1> 1 8 3 4 5 6 -1 <2> 1 8 3 4 5 6 -1 <3> 1 8 3 4 12 6 -1 <4> 1 8 11 4 12 6 -1 -2
<0> 1 2 3 4 5 6 -1 <1> 1 8 3 7 5 6 -1 -2
<0> 14 2 15 4 5 6 -1 <1> 1 2 3 4 5 6 -1 <2> 14 8 3 4 5 6 -1 <3> 14 2 3 7 5 6 -1 <4> 14 2 3 4 5 6 -1 -2
<0> 14 8 3 9 5 6 -1 <1> 14 8 3 9 5 6 -1 -2
<0> 1 2 3 4 5 6 -1 <1> 1 2 3 7 5 6 -1 <2> 1 2 3 7 5 6 -1 -2
<0> 1 2 3 4 5 6 -1 <1> 1 2 3 4 12 6 -1 <2> 1 2 3 4 5 6 -1 <3> 1 2 15 4 5 6 -1 <4> 1 2 15 4 5 6 -1 -2
<0> 14 2 15 9 12 6 -1 <1> 16 2 15 9 5 6 -1 <2> 17 2 15 9 5 6 -1 <3> 16 2 3 7 5 13 -1 -2
<0> 14 8 3 4 5 6 -1 <1> 14 8 3 4 5 6 -1 <2> 14 8 3 4 5 13 -1 <3> 14 10 11 7 5 13 -1 <4> 14 10 11 7 5 13 -1 -2
<0> 14 2 15 9 5 6 -1 <1> 14 2 3 4 5 6 -1 <2> 16 2 3 4 5 6 -1 <3> 17 10 11 7 5 18 -1 -2
<0> 14 8 3 4 12 6 -1 <1> 16 8 3 4 12 13 -1 -2
<0> 1 2 15 4 5 6 -1 <1> 1 8 15 4 5 6 -1 <2> 1 8 3 4 12 6 -1 <3> 1 8 3 4 5 6 -1 <4> 1 2 3 4 5 6 -1 -2
<0> 1 8 3 9 5 6 -1 <1> 1 8 3 9 5 6 -1 <2> 1 8 3 9 5 6 -1 <3> 1 8 15 9 5 6 -1 <4> 14 8 3 9 5 6 -1 -2
<0> 14 8 3 4 5 6 -1 <1> 14 8 3 4 5 6 -1 <2> 14 8 3 4 5 6 -1 <3> 14 8 3 4 5 6 -1 -2
<0> 14 8 3 4 12 6 -1 <1> 1 8 3 4 5 6 -1 <2> 14 8 3 4 12 6 -1 -2
<0> 1 2 3 4 5 6 -1 <1> 1 2 3 4 5 6 -1 <2> 1 2 3 7 5 6 -1 <3> 1 2 3 7 5 6 -1 <4> 1 8 11 7 5 13 -1 -2
<0> 1 2 3 4 5 6 -1 <1> 1 2 3 4 5 6 -1 <2> 1 2 3 4 5 6 -1 <3> 1 2 3 4 5 6 -1 <4> 1 2 3 4 5 6 -1 -2
<0> 1 8 3 9 5 6 -1 <1> 1 8 3 4 5 6 -1 <2> 1 8 3 4 5 6 -1 <3> 1 8 3 4 5 6 -1 <4> 1 8 3 4 5 6 -1 -2
<0> 1 8 3 9 5 6 -1 <1> 14 8 3 4 5 6 -1 <2> 14 8 3 4 12 6 -1 <3> 14 8 3 4 5 6 -1 <4> 14 8 3 4 12 6 -1 -2
<0> 14 8 3 4 5 6 -1 <1> 14 8 3 4 12 13 -1 -2
<0> 1 2 15 4 5 6 -1 <1> 1 2 15 4 5 6 -1 <2> 14 2 3 7 5 6 -1 -2
<0> 17 8 11 7 12 13 -1 <1> 16 8 11 7 12 13 -1 <2> 17 10 11 7 5 18 -1 <3> 17 10 11 7 5 18 -1 <4> 17 10 11 7 12 19 -1 -2
<0> 14 8 3 9 12 6 -1 <1> 14 8 3 4 12 6 -1 -2
<0> 1 8 3 4 5 6 -1 <1> 1 8 3 4 12 6 -1 -2
<0> 1 2 3 4 5 6 -1 <1> 14 2 3 4 12 6 -1 <2> 14 8 3 4 5 6 -1 <3> 14 8 3 4 12 6 -1 <4> 14 8 3 4 12 6 -1 -2
<0> 16 2 15 9 5 6 -1 <1> 17 2 15 9 5 6 -1 <2> 17 8 15 9 5 6 -1 -2
<0> 1 2 15 4 5 6 -1 <1> 1 2 3 4 5 6 -1 <2> 1 2 3 4 5 6 -1 <3> 1 2 3 4 5 6 -1 <4> 1 2 15 4 5 6 -1 -2
<0> 14 10 11 4 12 13 -1 <1> 14 10 3 4 12 13 -1 -2
<0> 14 2 15 4 5 6 -1 <1> 16 2 15 9 12 6 -1 -2
<0> 1 2 15 4 5 6 -1 <1> 1 2 3 4 5 6 -1 <2> 1 8 3 4 5 6 -1 <3> 1 8 3 7 5 6 -1 <4> 1 8 3 7 5 6 -1 -2
<0> 1 2 15 4 5 6 -1 <1> 1 2 15 4 5 6 -1 <2> 1 2 15 4 5 6 -1 <3> 1 2 15 4 5 6 -1 <4> 1 2 15 4 5 6 -1 -2
<0> 1 8 3 7 5 6 -1 <1> 1 8 15 4 5 6 -1 <2> 1 2 3 4 5 6 -1 <3> 1 8 15 4 5 6 -1 <4> 1 8 3 4 5 6 -1 -2
<0> 1 2 11 7 12 13 -1 <1> 1 2 3 7 12 13 -1 -2
<0> 14 8 3 4 12 6 -1 <1> 14 8 15 7 5 6 -1 -2
<0> 14 2 15 9 5 6 -1 <1> 14 2 15 9 12 6 -1 <2> 14 8 15 9 5 6 -1 <3> 14 8 3 9 5 6 -1 <4> 16 8 3 9 5 6 -1 -2
<0> 14 8 3 9 5 6 -1 <1> 14 8 3 9 5 6 -1 -2
<0> 1 8 3 4 5 6 -1 <1> 1 8 15 4 12 6 -1 <2> 14 8 3 7 12 13 -1 -2
<0> 1 2 15 4 5 6 -1 <1> 1 2 15 4 12 6 -1 <2> 1 2 3 4 12 6 -1 <3> 1 2 3 4 5 6 -1 <4> 14 2 3 4 5 6 -1 -2
<0> 16 2 15 9 5 6 -1 <1> 16 8 3 4 5 13 -1 -2
<0> 14 8 3 4 12 6 -1 <1> 14 8 3 4 12 13 -1 <2> 16 8 3 4 12 13 -1 -2
<0> 1 2 3 7 12 6 -1 <1> 1 8 3 7 5 6 -1 <2> 1 8 3 7 12 13 -1 -2
<0> 1 2 3 4 5 6 -1 <1> 1 2 3 7 5 6 -1 <2> 14 2 3 7 5 6 -1 <3> 14 2 3 7 5 13 -1 -2
<0> 1 8 3 4 5 6 -1 <1> 1 8 3 4 5 6 -1 -2
<0> 1 8 3 9 5 6 -1 <1> 1 8 3 4 12 6 -1 -2
<0> 14 10 3 9 5 6 -1 <1> 14 10 3 4 12 13 -1 <2> 14 10 3 7 12 13 -1 -2
<0> 14 2 3 4 5 6 -1 <1> 14 2 3 4 5 6 -1 <2> 16 2 3 4 5 6 -1 <3> 16 2 3 4 5 13 -1 <4> 17 2 3 7 12 13 -1 -2
<0> 16 2 15 9 5 6 -1 <1> 17 2 15 4 5 6 -1 -2
<0> 1 8 3 4 5 6 -1 <1> 1 8 3 4 12 6 -1 -2
<0> 1 8 3 9 5 6 -1 <1> 1 8 3 4 5 6 -1 <2> 1 8 3 4 5 6 -1 <3> 1 8 3 9 5 6 -1 <4> 1 8 3 9 5 6 -1 -2
<0> 14 2 3 4 5 6 -1 <1> 14 2 3 7 5 6 -1 <2> 14 2 3 7 5 6 -1 <3> 14 2 11 7 5 13 -1 <4> 16 2 11 7 12 13 -1 -2
<0> 1 2 15 4 5 6 -1 <1> 1 2 15 4 5 6 -1 -2
<0> 1 8 3 9 5 6 -1 <1> 1 8 3 4 5 6 -1 <2> 1 10 3 7 5 13 -1 <3> 1 8 3 4 5 6 -1 <4> 14 10 3 7 5 13 -1 -2
<0> 1 10 11 9 5 13 -1 <1> 1 10 11 9 5 13 -1 -2
<0> 14 2 15 9 5 6 -1 <1> 14 2 15 9 5 6 -1 -2
<0> 14 10 11 4 5 13 -1 <1> 16 10 11 7 5 13 -1 -2
<0> 1 8 3 9 5 6 -1 <1> 1 8 3 9 5 6 -1 <2> 1 8 11 9 5 6 -1 <3> 1 10 11 9 5 13 -1 <4> 1 10 11 9 5 13 -1 -2
<0> 14 8 3 7 5 13 -1 <1> 16 10 11 7 12 18 -1 <2> 16 10 11 7 12 18 -1 -2
<0> 1 8 3 4 5 6 -1 <1> 1 8 3 4 5 6 -1 <2> 1 8 3 4 12 6 -1 <3> 1 10 11 7 12 13 -1 <4> 1 10 11 7 12 13 -1 -2
<0> 16 2 15 9 5 6 -1 <1> 17 2 15 9 5 6 -1 <2> 17 2 15 9 12 6 -1 -2
<0> 1 2 3 7 5 6 -1 <1> 1 2 3 7 5 6 -1 <2> 1 2 11 7 5 6 -1 -2
<0> 14 2 15 9 5 6 -1 <1> 14 2 15 9 12 6 -1 -2
<0> 1 8 3 9 5 6 -1 <1> 1 10 3 4 5 13 -1 <2> 14 10 11 4 12 13 -1 <3> 1 10 11 4 12 13 -1 -2
<0> 1 8 15 9 5 6 -1 <1> 14 8 3 7 5 13 -1 -2
<0> 1 2 15 4 5 6 -1 <1> 1 8 15 4 12 6 -1 <2> 1 8 3 7 5 6 -1 <3> 1 8 11 7 5 13 -1 <4> 1 8 11 7 5 13 -1 -2
<0> 14 8 3 4 5 13 -1 <1> 14 10 3 7 12 13 -1 <2> 16 10 11 7 5 13 -1 -2
<0> 14 8 3 7 12 6 -1 <1> 14 8 3 7 12 13 -1 -2
<0> 1 8 3 9 5 6 -1 <1> 1 8 11 4 5 6 -1 -2
<0> 14 8 3 9 5 6 -1 <1> 14 8 3 9 5 6 -1 -2
<0> 14 8 3 4 5 6 -1 <1> 14 8 3 4 5 6 -1 -2
<0> 1 2 3 4 5 6 -1 <1> 1 2 3 4 5 6 -1 <2> 1 2 3 4 5 6 -1 <3> 1 8 11 7 5 13 -1 -2
<0> 1 8 3 9 5 6 -1 <1> 1 8 3 4 5 6 -1 <2> 1 8 3 4 5 6 -1 <3> 14 8 3 4 5 6 -1 <4> 1 8 11 4 5 6 -1 -2
<0> 1 2 3 4 5 6 -1 <1> 1 2 3 4 5 6 -1 <2> 1 2 3 7 12 6 -1 <3> 1 2 3 7 12 6 -1 <4> 1 2 3 7 5 6 -1 -2
<0> 1 2 3 4 5 6 -1 <1> 1 2 15 4 5 6 -1 <2> 1 8 15 4 5 6 -1 <3> 1 8 15 4 5 6 -1 <4> 1 8 15 4 5 6 -1 -2
<0> 14 2 3 4 12 6 -1 <1> 16 2 15 4 12 6 -1 <2> 17 2 3 7 12 13 -1 <3> 17 8 3 7 12 13 -1 -2
<0> 14 8 3 4 12 6 -1 <1> 14 8 3 4 12 13 -1 -2
<0> 1 8 3 9 5 6 -1 <1> 1 8 3 4 5 6 -1 <2> 1 8 11 4 12 13 -1 <3> 14 8 11 7 5 13 -1 <4> 14 10 11 7 5 13 -1 -2
<0> 14 8 3 4 5 6 -1 <1> 14 8 3 4 5 6 -1 <2> 14 8 3 4 5 6 -1 <3> 14 8 3 4 5 6 -1 <4> 14 8 3 4 12 13 -1 -2
<0> 1 8 3 9 5 6 -1 <1> 1 8 3 9 5 6 -1 -2
<0> 1 2 3 4 5 6 -1 <1> 1 2 3 4 5 6 -1 <2> 1 2 11 4 5 6 -1 <3> 1 2 11 7 5 6 -1 <4> 1 2 11 7 12 13 -1 -2
<0> 1 2 3 7 5 6 -1 <1> 1 8 11 7 5 13 -1 <2> 1 8 11 7 5 13 -1 -2
<0> 1 2 3 4 5 6 -1 <1> 1 2 3 4 5 6 -1 <2> 14 8 3 7 12 6 -1 <3> 14 10 3 7 5 13 -1 <4> 14 8 3 7 5 13 -1 -2
<0> 1 8 3 4 5 6 -1 <1> 1 8 3 4 5 6 -1 -2
<0> 14 8 3 4 5 6 -1 <1> 14 8 3 4 5 6 -1 <2> 17 10 11 4 12 13 -1 <3> 17 10 11 7 12 19 -1 -2
<0> 1 8 3 9 5 6 -1 <1> 1 8 3 9 5 6 -1 <2> 1 8 3 4 5 6 -1 <3> 1 8 3 4 5 6 -1 <4> 1 8 3 9 5 6 -1 -2
<0> 1 8 3 4 5 6 -1 <1> 1 8 11 7 5 13 -1 -2
<0> 1 8 3 4 5 6 -1 <1> 1 10 11 7 5 13 -1 -2
<0> 16 8 3 4 5 6 -1 <1> 16 8 3 4 5 6 -1 <2> 16 8 3 7 5 13 -1 <3> 16 8 3 7 5 13 -1 <4> 16 10 11 7 5 13 -1 -2
<0> 14 8 3 9 5 6 -1 <1> 14 8 3 9 5 6 -1 <2> 14 8 3 9 5 6 -1 <3> 14 8 3 4 5 6 -1 <4> 14 8 3 4 5 6 -1 -2
<0> 1 2 15 4 5 6 -1 <1> 1 2 15 4 5 6 -1 <2> 1 2 15 4 5 6 -1 <3> 1 2 15 4 5 6 -1 <4> 1 2 15 4 5 6 -1 -2
<0> 1 8 3 4 5 6 -1 <1> 1 10 3 7 5 13 -1 -2
<0> 1 2 3 4 5 6 -1 <1> 1 2 3 4 5 6 -1 <2> 1 2 15 4 5 6 -1 <3> 1 2 3 4 5 6 -1 <4> 1 8 15 4 5 6 -1 -2
<0> 1 2 15 4 5 6 -1 <1> 1 2 3 4 5 6 -1 <2> 1 2 3 4 5 6 -1 <3> 1 2 3 4 5 6 -1 <4> 1 8 3 4 5 6 -1 -2
<0> 14 8 3 4 5 6 -1 <1> 16 8 3 7 5 13 -1 <2> 14 8 3 7 5 13 -1 <3> 16 8 11 4 12 13 -1 -2
<0> 1 2 3 4 5 6 -1 <1> 1 2 3 7 5 6 -1 <2> 1 2 3 7 5 6 -1 <3> 1 2 3 7 5 6 -1 <4> 1 2 11 7 12 13 -1 -2
<0> 16 8 3 4 12 13 -1 <1> 16 8 11 4 5 13 -1 <2> 16 8 11 7 5 18 -1 -2
<0> 1 8 3 7 5 6 -1 <1> 1 8 3 7 12 13 -1 -2
<0> 1 2 15 4 5 6 -1 <1> 1 2 15 4 5 6 -1 <2> 1 8 15 4 5 6 -1 <3> 1 2 15 4 5 6 -1 <4> 1 2 3 4 5 6 -1 -2
<0> 1 8 3 4 5 6 -1 <1> 14 8 3 4 5 6 -1 -2
<0> 16 8 3 7 5 13 -1 <1> 16 8 3 7 5 13 -1 -2
<0> 1 8 3 4 5 6 -1 <1> 1 8 3 4 5 6 -1 <2> 1 8 11 4 5 13 -1 <3> 14 10 11 7 5 13 -1 <4> 14 10 11 7 5 18 -1 -2
<0> 14 8 3 4 5 6 -1 <1> 14 8 3 7 5 13 -1 <2> 14 10 11 7 12 18 -1 -2
<0> 1 2 3 4 5 6 -1 <1> 1 2 3 4 5 6 -1 <2> 1 2 3 7 5 6 -1 <3> 1 2 3 7 5 6 -1 <4> 1 2 3 7 5 6 -1 -2
<0> 14 2 3 4 5 6 -1 <1> 16 8 11 7 5 13 -1 -2
<0> 14 8 3 4 5 6 -1 <1> 14 10 11 7 12 13 -1 <2> 14 10 11 7 12 18 -1 -2
<0> 14 2 3 9 5 6 -1 <1> 14 2 3 9 5 6 -1 <2> 14 8 3 9 5 6 -1 -2
<0> 14 8 3 4 5 6 -1 <1> 14 8 3 4 12 13 -1 -2
<0> 14 10 11 7 12 13 -1 <1> 14 10 11 7 12 13 -1 <2> 14 10 11 7 12 13 -1 <3> 14 10 3 4 12 13 -1 <4> 14 10 11 7 5 13 -1 -2
<0> 16 2 15 4 5 6 -1 <1> 16 2 15 4 5 6 -1 <2> 16 2 15 4 5 6 -1 <3> 17 2 15 4 5 6 -1 <4> 17 2 15 7 12 13 -1 -2
<0> 14 8 3 4 12 6 -1 <1> 14 8 3 4 12 6 -1 -2
<0> 1 8 11 7 5 13 -1 <1> 14 8 11 7 12 13 -1 <2> 14 8 11 7 12 13 -1 -2
<0> 14 8 3 7 12 13 -1 <1> 14 8 3 7 12 13 -1 <2> 14 8 3 7 12 13 -1 <3> 14 8 3 7 5 6 -1 -2
<0> 1 2 3 4 5 6 -1 <1> 1 8 3 4 5 6 -1 <2> 1 8 3 4 5 6 -1 <3> 1 8 3 4 5 6 -1 <4> 1 8 3 7 5 6 -1 -2
<0> 1 2 15 4 5 6 -1 <1> 1 2 15 4 5 6 -1 <2> 1 2 15 7 5 6 -1 <3> 1 2 15 7 5 6 -1 -2
<0> 1 8 3 9 5 6 -1 <1> 1 8 3 9 5 6 -1 <2> 1 10 11 9 5 6 -1 <3> 1 10 11 9 5 6 -1 -2
<0> 14 2 15 9 5 6 -1 <1> 16 2 15 9 12 6 -1 -2
<0> 1 8 3 4 5 6 -1 <1> 1 8 3 4 5 6 -1 <2> 1 10 3 7 12 13 -1 -2
<0> 14 8 3 7 12 13 -1 <1> 14 8 3 7 5 13 -1 <2> 14 8 3 7 5 6 -1 -2
<0> 1 8 11 7 5 13 -1 <1> 1 2 3 7 5 6 -1 -2
<0> 1 2 3 9 5 6 -1 <1> 1 2 3 9 5 6 -1 <2> 1 8 3 9 5 6 -1 <3> 1 8 3 9 5 6 -1 <4> 1 8 3 9 5 6 -1 -2
<0> 1 8 3 4 5 6 -1 <1> 1 8 3 4 5 6 -1 <2> 1 8 3 7 5 6 -1 -2
<0> 1 2 15 4 5 6 -1 <1> 1 2 15 4 5 6 -1 <2> 1 8 3 7 5 6 -1 <3> 14 10 3 7 12 13 -1 -2
<0> 1 8 3 9 5 6 -1 <1> 1 8 3 9 12 6 -1 <2> 1 8 3 9 5 6 -1 <3> 1 8 3 4 12 6 -1 -2
<0> 1 10 3 9 5 6 -1 <1> 1 10 3 4 5 13 -1 <2> 14 10 3 7 5 13 -1 <3> 14 10 11 7 5 13 -1 <4> 16 10 11 7 12 18 -1 -2
<0> 1 2 15 4 5 6 -1 <1> 1 2 15 4 5 6 -1 <2> 1 2 3 4 5 6 -1 <3> 1 2 3 4 5 6 -1 <4> 1 2 3 4 5 6 -1 -2
<0> 1 8 3 4 5 6 -1 <1> 14 8 3 4 5 6 -1 -2
<0> 1 2 15 4 5 6 -1 <1> 1 8 3 4 12 6 -1 <2> 14 8 11 7 12 13 -1 -2
<0> 1 8 3 4 5 6 -1 <1> 1 2 15 4 5 6 -1 <2> 1 8 3 4 5 6 -1 <3> 1 8 3 7 5 6 -1 <4> 1 8 3 7 12 6 -1 -2
<0> 1 2 3 4 5 6 -1 <1> 1 2 3 4 5 6 -1 <2> 1 2 3 4 5 6 -1 <3> 1 2 3 7 5 6 -1 <4> 1 2 3 7 5 6 -1 -2
<0> 14 8 3 4 5 6 -1 <1> 1 8 3 4 5 6 -1 <2> 14 10 11 7 12 18 -1 -2
<0> 1 8 3 9 5 6 -1 <1> 1 8 3 9 5 6 -1 <2> 1 8 3 4 5 6 -1 -2
<0> 1 2 15 4 5 6 -1 <1> 1 2 15 4 5 6 -1 <2> 1 2 3 7 5 6 -1 <3> 1 2 3 7 5 6 -1 <4> 1 2 3 7 5 6 -1 -2
<0> 14 8 3 4 12 13 -1 <1> 14 8 3 4 12 6 -1 <2> 14 8 3 4 12 6 -1 <3> 14 8 3 4 12 6 -1 <4> 14 8 3 4 12 6 -1 -2
<0> 1 8 3 9 5 6 -1 <1> 1 8 3 9 5 6 -1 <2> 1 10 3 4 5 6 -1 <3> 1 10 3 4 5 13 -1 -2
<0> 1 8 3 4 5 6 -1 <1> 1 2 15 4 5 6 -1 <2> 1 8 15 4 5 6 -1 <3> 1 2 15 4 5 6 -1 <4> 1 2 15 4 5 6 -1 -2
<0> 1 2 3 7 5 6 -1 <1> 1 2 15 7 5 6 -1 <2> 1 2 3 7 5 6 -1 <3> 1 2 3 4 5 6 -1 <4> 1 2 3 4 5 6 -1 -2
<0> 1 2 15 4 5 6 -1 <1> 1 2 3 7 5 6 -1 <2> 1 2 3 7 5 6 -1 <3> 1 8 11 7 5 13 -1 -2
<0> 14 8 3 4 5 6 -1 <1> 14 8 3 4 5 6 -1 -2
<0> 1 8 3 4 5 6 -1 <1> 1 8 11 7 5 13 -1 -2
<0> 1 8 3 7 5 6 -1 <1> 1 8 3 7 5 13 -1 <2> 1 8 3 7 5 13 -1 <3> 1 8 3 7 5 13 -1 <4> 1 8 3 7 5 13 -1 -2
<0> 1 2 3 4 5 6 -1 <1> 1 2 3 4 5 6 -1 <2> 1 2 3 4 5 6 -1 <3> 1 2 15 4 5 6 -1 <4> 1 2 15 4 5 6 -1 -2
<0> 1 2 15 4 5 6 -1 <1> 1 2 3 4 5 6 -1 <2> 1 2 3 7 5 6 -1 <3> 1 2 3 7 5 6 -1 <4> 1 2 3 7 5 6 -1 -2
<0> 1 8 3 7 5 6 -1 <1> 1 8 11 7 5 6 -1 <2> 14 8 11 7 5 13 -1 -2
<0> 1 8 3 9 5 6 -1 <1> 14 10 3 7 5 13 -1 -2
<0> 1 2 3 4 5 6 -1 <1> 1 2 3 4 5 6 -1 <2> 1 2 3 7 5 6 -1 <3> 1 2 3 7 5 6 -1 <4> 1 8 3 7 12 13 -1 -2
<0> 14 2 15 9 5 6 -1 <1> 14 2 15 9 5 6 -1 -2
<0> 14 2 15 9 5 6 -1 <1> 14 8 3 4 5 6 -1 -2
<0> 1 2 3 4 5 6 -1 <1> 1 2 3 4 5 6 -1 <2> 1 2 3 4 5 6 -1 <3> 1 2 3 4 5 6 -1 <4> 1 2 3 7 5 6 -1 -2
<0> 1 8 3 9 5 6 -1 <1> 1 8 3 4 5 6 -1 <2> 1 8 3 4 5 6 -1 <3> 14 8 3 4 5 6 -1 <4> 14 8 3 4 5 6 -1 -2
<0> 14 2 15 4 5 6 -1 <1> 14 2 15 4 5 6 -1 <2> 16 2 15 9 5 6 -1 -2
<0> 16 2 15 4 5 6 -1 <1> 16 8 3 4 12 13 -1 -2
<0> 1 8 3 7 5 13 -1 <1> 1 8 11 7 5 13 -1 <2> 1 10 11 7 5 13 -1 <3> 1 10 11 7 5 13 -1 <4> 1 10 11 7 5 13 -1 -2
<0> 1 2 15 4 5 6 -1 <1> 1 10 11 7 12 13 -1 -2
<0> 1 2 15 7 5 6 -1 <1> 1 2 3 7 5 6 -1 <2> 1 2 3 7 5 6 -1 <3> 1 2 3 7 5 6 -1 <4> 1 2 3 7 5 6 -1 -2
<0> 1 2 3 7 5 6 -1 <1> 1 2 3 7 5 6 -1 -2
<0> 14 2 15 9 5 6 -1 <1> 14 2 15 9 5 6 -1 <2> 14 2 15 9 5 6 -1 <3> 16 2 15 9 5 6 -1 <4> 16 2 15 9 5 6 -1 -2
<0> 1 2 3 7 5 6 -1 <1> 1 2 15 7 5 6 -1 <2> 1 2 3 7 5 6 -1 <3> 1 2 3 7 5 6 -1 <4> 1 2 3 7 5 6 -1 -2
<0> 1 2 15 7 5 6 -1 <1> 1 2 3 7 5 6 -1 <2> 1 2 3 7 5 6 -1 <3> 1 2 3 7 5 6 -1 <4> 1 2 3 7 5 6 -1 -2
<0> 1 8 3 9 5 6 -1 <1> 1 8 3 9 5 6 -1 <2> 1 8 3 9 5 6 -1 <3> 1 8 3 9 5 6 -1 <4> 1 8 3 9 5 6 -1 -2
<0> 1 8 3 9 5 6 -1 <1> 1 8 3 4 5 6 -1 <2> 14 10 11 7 5 13 -1 -2
<0> 14 8 3 7 12 13 -1 <1> 14 8 3 7 12 13 -1 -2
<0> 1 8 3 4 5 6 -1 <1> 14 8 3 4 5 6 -1 <2> 14 8 3 4 5 6 -1 <3> 14 8 3 4 5 6 -1 <4> 14 8 3 4 5 6 -1 -2
<0> 14 10 11 7 5 13 -1 <1> 14 10 11 7 5 13 -1 <2> 14 10 11 7 5 13 -1 <3> 14 10 11 7 5 13 -1 <4> 14 10 11 7 5 13 -1 -2
<0> 1 8 3 9 5 6 -1 <1> 1 8 3 9 5 6 -1 <2> 1 8 3 9 5 6 -1 -2
<0> 1 2 15 4 5 6 -1 <1> 1 2 3 4 5 6 -1 <2> 1 2 3 4 5 6 -1 <3> 1 2 3 4 5 6 -1 <4> 1 2 3 4 5 6 -1 -2
<0> 1 2 15 4 5 6 -1 <1> 1 2 15 4 5 6 -1 <2> 1 2 3 4 5 6 -1 <3> 1 2 3 7 5 6 -1 <4> 1 2 3 7 5 6 -1 -2
<0> 14 8 11 7 5 13 -1 <1> 14 10 11 7 5 13 -1 -2
<0> 1 8 3 9 5 6 -1 <1> 1 8 3 9 12 6 -1 -2
<0> 1 2 3 4 5 6 -1 <1> 1 2 3 4 5 6 -1 <2> 1 2 3 4 5 6 -1 <3> 1 2 3 4 5 6 -1 <4> 1 8 3 4 5 6 -1 -2
<0> 14 8 15 9 12 6 -1 <1> 14 8 3 9 12 6 -1 -2
<0> 1 2 15 9 5 6 -1 <1> 1 8 15 9 5 6 -1 <2> 1 8 3 9 5 6 -1 <3> 1 8 3 9 5 6 -1 <4> 1 8 3 9 5 6 -1 -2
<0> 1 8 15 9 5 6 -1 <1> 1 8 3 4 5 6 -1 <2> 1 10 3 7 12 13 -1 -2
<0> 16 10 11 7 12 18 -1 <1> 16 10 11 7 12 18 -1 <2> 17 10 11 7 12 18 -1 -2
<0> 1 2 15 4 5 6 -1 <1> 1 2 15 7 5 6 -1 <2> 1 2 3 7 5 6 -1 -2
<0> 1 2 15 4 5 6 -1 <1> 1 2 3 4 5 6 -1 <2> 1 2 3 7 5 6 -1 <3> 1 2 3 7 5 6 -1 <4> 1 8 11 7 5 13 -1 -2
<0> 1 8 3 4 5 6 -1 <1> 1 8 3 4 5 6 -1 <2> 1 8 3 4 5 6 -1 <3> 1 8 3 4 5 6 -1 <4> 1 8 3 4 5 6 -1 -2
<0> 14 2 3 4 5 6 -1 <1> 14 8 3 4 5 6 -1 <2> 16 8 3 4 5 6 -1 -2
<0> 1 2 3 4 5 6 -1 <1> 1 8 3 7 5 6 -1 <2> 1 8 3 7 5 6 -1 -2
<0> 16 2 15 4 5 6 -1 <1> 17 8 3 4 5 13 -1 -2
<0> 16 2 3 4 5 6 -1 <1> 16 8 3 4 5 13 -1 <2> 16 8 3 7 5 13 -1 <3> 16 8 11 7 5 13 -1 -2
<0> 14 2 15 9 5 6 -1 <1> 14 8 15 9 12 6 -1 <2> 14 8 3 9 12 6 -1 -2
<0> 14 8 3 4 5 6 -1 <1> 14 10 3 4 5 13 -1 <2> 14 10 3 4 12 13 -1 <3> 14 10 3 7 12 13 -1 -2
<0> 16 2 15 9 5 6 -1 <1> 16 2 15 9 5 6 -1 <2> 17 2 3 4 12 13 -1 <3> 17 8 15 9 5 6 -1 -2
<0> 14 2 3 4 12 6 -1 <1> 16 8 3 7 12 13 -1 -2
<0> 1 10 3 7 5 13 -1 <1> 1 8 3 7 12 13 -1 <2> 1 10 3 7 12 13 -1 <3> 1 10 3 7 12 13 -1 <4> 1 10 11 7 12 13 -1 -2
<0> 1 2 15 4 5 6 -1 <1> 1 2 3 7 5 6 -1 <2> 14 8 3 7 12 13 -1 -2
<0> 14 2 15 9 5 6 -1 <1> 14 8 15 9 5 6 -1 <2> 14 8 3 9 5 6 -1 <3> 14 8 3 9 5 6 -1 -2
<0> 14 8 3 4 5 6 -1 <1> 14 8 3 4 5 6 -1 <2> 14 8 3 4 5 6 -1 <3> 14 8 3 4 5 6 -1 <4> 14 10 11 7 5 13 -1 -2
<0> 1 2 15 4 5 6 -1 <1> 1 8 3 4 5 6 -1 <2> 1 2 3 4 5 6 -1 <3> 1 2 3 7 5 6 -1 -2
<0> 1 2 15 4 5 6 -1 <1> 1 8 3 7 5 6 -1 <2> 1 8 3 7 5 6 -1 -2
<0> 1 2 15 4 5 6 -1 <1> 1 2 3 4 12 6 -1 <2> 1 8 3 4 12 6 -1 <3> 1 8 3 4 12 6 -1 <4> 1 8 3 4 5 6 -1 -2
<0> 16 2 15 9 5 6 -1 <1> 17 2 15 9 12 6 -1 -2
<0> 1 8 15 9 5 6 -1 <1> 1 8 3 4 5 6 -1 <2> 1 8 3 4 5 6 -1 <3> 1 8 3 4 5 6 -1 <4> 1 8 3 4 5 6 -1 -2
<0> 1 2 3 7 5 6 -1 <1> 1 8 3 7 12 13 -1 <2> 1 8 11 7 12 13 -1 <3> 1 8 11 7 12 13 -1 -2
<0> 1 8 3 9 5 6 -1 <1> 1 8 3 9 5 6 -1 <2> 1 8 3 9 5 6 -1 <3> 1 8 3 9 5 6 -1 <4> 1 10 3 9 5 6 -1 -2
<0> 1 2 3 4 5 6 -1 <1> 1 2 3 4 5 6 -1 <2> 1 2 3 7 5 6 -1 <3> 1 2 3 7 5 6 -1 <4> 1 2 3 7 5 6 -1 -2
<0> 1 2 15 4 5 6 -1 <1> 1 2 15 7 5 6 -1 <2> 1 2 15 7 5 6 -1 <3> 1 2 3 7 5 6 -1 <4> 1 2 3 7 5 6 -1 -2
<0> 1 8 3 4 5 6 -1 <1> 1 8 3 4 5 6 -1 <2> 1 8 3 4 5 6 -1 <3> 1 8 3 4 5 6 -1 <4> 1 8 3 4 5 6 -1 -2
<0> 14 2 15 9 5 6 -1 <1> 16 8 3 4 5 6 -1 <2> 14 8 3 4 5 6 -1 <3> 14 8 3 4 12 6 -1 -2
<0> 1 8 15 9 5 6 -1 <1> 1 8 3 9 5 6 -1 <2> 1 8 15 9 5 6 -1 <3> 1 8 3 9 5 6 -1 <4> 14 8 3 9 5 6 -1 -2
<0> 14 8 3 4 12 6 -1 <1> 14 8 3 4 12 6 -1 <2> 16 8 3 4 12 13 -1 -2
<0> 1 2 15 9 5 6 -1 <1> 1 2 15 9 5 6 -1 <2> 1 2 15 9 5 6 -1 <3> 1 2 15 9 5 6 -1 <4> 1 2 15 9 5 6 -1 -2
<0> 1 8 3 7 5 6 -1 <1> 1 2 3 7 5 6 -1 <2> 1 2 3 7 5 6 -1 <3> 1 2 3 7 5 6 -1 <4> 1 8 3 7 5 6 -1 -2
<0> 1 2 3 4 5 6 -1 <1> 1 2 3 4 5 6 -1 <2> 1 2 3 4 5 6 -1 <3> 1 2 3 4 5 6 -1 -2
<0> 1 8 3 9 5 6 -1 <1> 14 8 3 4 5 13 -1 <2> 16 8 3 4 5 13 -1 <3> 14 8 3 4 5 6 -1 -2
<0> 1 2 15 4 5 6 -1 <1> 1 2 15 4 5 6 -1 <2> 1 2 15 4 5 6 -1 <3> 1 8 3 7 5 6 -1 <4> 1 8 11 7 5 13 -1 -2
<0> 14 10 3 7 12 13 -1 <1> 14 10 11 7 12 13 -1 -2
<0> 14 8 3 7 5 6 -1 <1> 1 8 3 7 5 6 -1 <2> 14 8 3 7 5 6 -1 -2
<0> 1 8 3 7 12 13 -1 <1> 1 8 3 7 5 6 -1 <2> 1 8 11 7 5 13 -1 -2
<0> 14 8 3 4 5 6 -1 <1> 14 8 3 4 5 6 -1 <2> 14 8 3 7 5 13 -1 -2
<0> 1 8 3 4 5 6 -1 <1> 1 10 3 4 5 6 -1 <2> 14 10 3 4 5 13 -1 <3> 14 10 11 4 12 13 -1 -2
<0> 14 2 3 9 12 6 -1 <1> 14 8 3 4 12 6 -1 -2
<0> 14 2 15 9 5 6 -1 <1> 16 2 15 9 5 6 -1 -2
<0> 16 8 3 4 5 6 -1 <1> 14 8 3 4 5 13 -1 -2
<0> 14 8 3 7 5 6 -1 <1> 14 8 3 7 12 13 -1 -2
<0> 14 8 3 4 12 6 -1 <1> 16 8 3 4 12 13 -1 -2
<0> 1 2 15 4 5 6 -1 <1> 1 2 15 4 5 6 -1 <2> 1 2 15 7 5 6 -1 <3> 1 2 15 4 5 6 -1 <4> 1 2 15 4 5 6 -1 -2
<0> 14 10 3 9 12 6 -1 <1> 16 10 3 9 5 13 -1 <2> 14 10 3 9 5 6 -1 -2
<0> 1 8 3 4 5 6 -1 <1> 1 8 3 4 5 6 -1 -2
<0> 1 8 11 7 5 6 -1 <1> 1 8 11 7 5 13 -1 <2> 1 10 11 7 5 13 -1 -2
<0> 1 2 15 4 5 6 -1 <1> 1 2 15 4 5 6 -1 <2> 1 2 15 4 5 6 -1 <3> 1 2 15 4 5 6 -1 -2
<0> 1 10 3 4 5 6 -1 <1> 1 10 3 4 5 6 -1 -2
<0> 1 8 3 4 12 6 -1 <1> 1 10 3 4 12 13 -1 -2
<0> 16 10 11 7 5 18 -1 <1> 16 10 11 7 5 18 -1 <2> 16 10 11 7 12 18 -1 <3> 16 10 11 7 12 18 -1 -2
<0> 14 8 3 4 5 6 -1 <1> 16 8 3 4 5 13 -1 <2> 16 8 3 7 5 13 -1 -2
<0> 14 8 3 4 5 6 -1 <1> 14 8 3 4 5 6 -1 -2
<0> 14 8 3 4 12 13 -1 <1> 14 8 3 4 12 13 -1 -2
<0> 1 8 3 7 5 6 -1 <1> 1 8 3 7 5 6 -1 <2> 1 10 3 7 12 13 -1 -2
<0> 14 2 3 4 12 6 -1 <1> 16 8 3 7 12 13 -1 -2
<0> 1 8 3 9 5 6 -1 <1> 1 8 3 9 5 6 -1 <2> 1 8 3 4 5 6 -1 -2
<0> 1 8 3 4 5 6 -1 <1> 1 8 3 7 5 6 -1 -2
<0> 14 8 11 7 5 13 -1 <1> 14 10 11 7 5 18 -1 -2
<0> 1 8 3 4 5 6 -1 <1> 1 10 3 7 5 13 -1 <2> 1 10 11 7 12 13 -1 <3> 14 10 11 7 12 13 -1 -2
<0> 14 8 3 9 5 6 -1 <1> 14 8 3 9 5 6 -1 <2> 16 8 3 4 5 6 -1 <3> 16 10 3 4 5 13 -1 -2
<0> 14 2 15 9 5 6 -1 <1> 17 2 15 9 5 6 -1 <2> 17 2 15 9 5 6 -1 -2
<0> 1 8 3 4 5 6 -1 <1> 1 8 11 7 12 13 -1 <2> 1 10 11 7 5 13 -1 -2
<0> 1 8 3 7 5 6 -1 <1> 1 8 11 7 12 13 -1 -2
<0> 14 8 3 4 12 6 -1 <1> 14 8 3 4 5 6 -1 <2> 14 8 3 7 5 6 -1 <3> 14 10 11 7 12 13 -1 -2
<0> 1 10 3 4 5 6 -1 <1> 1 10 3 4 5 13 -1 <2> 1 10 3 4 5 13 -1 -2
<0> 1 2 3 7 5 6 -1 <1> 1 2 3 7 5 6 -1 <2> 1 2 3 7 5 6 -1 -2
<0> 1 8 11 7 12 13 -1 <1> 1 10 11 7 12 13 -1 -2
<0> 1 8 3 4 5 6 -1 <1> 1 8 3 4 5 6 -1 <2> 1 8 3 7 5 6 -1 -2
<0> 1 8 3 4 5 6 -1 <1> 14 8 3 4 5 6 -1 <2> 14 8 11 7 5 13 -1 -2
<0> 1 8 3 9 5 6 -1 <1> 1 8 3 9 5 6 -1 <2> 1 8 3 9 5 6 -1 -2
<0> 1 2 3 4 5 6 -1 <1> 1 2 3 4 5 6 -1 -2
<0> 1 2 3 4 5 6 -1 <1> 1 2 3 4 5 6 -1 <2> 1 8 3 7 5 6 -1 -2
<0> 1 8 3 4 5 6 -1 <1> 1 8 3 4 5 6 -1 <2> 1 8 3 9 5 6 -1 -2
<0> 1 2 15 7 5 6 -1 <1> 1 8 11 7 5 13 -1 -2
<0> 1 8 3 7 5 13 -1 <1> 1 10 3 7 5 13 -1 -2
<0> 1 2 15 4 5 6 -1 <1> 1 2 3 7 5 6 -1 -2
<0> 1 8 3 4 12 6 -1 <1> 1 8 3 4 12 6 -1 -2
<0> 1 8 3 4 5 6 -1 <1> 14 8 3 4 12 13 -1 -2
<0> 1 2 3 4 5 6 -1 <1> 1 8 3 7 5 6 -1 -2
<0> 14 2 15 4 5 6 -1 <1> 14 8 3 4 12 13 -1 -2
<0> 1 10 11 4 5 13 -1 <1> 1 10 11 4 5 13 -1 <2> 14 10 11 4 5 13 -1 <3> 14 10 11 4 5 13 -1 -2
<0> 14 10 11 7 5 13 -1 <1> 14 10 11 7 12 18 -1 -2
