<0> 2 5 10 13 17 18 -1 <1> 2 5 10 13 17 18 -1 <2> 2 5 9 13 17 18 -1 <3> 2 5 9 13 16 18 -1 -2
<0> 2 5 11 13 16 18 -1 <1> 2 5 11 12 15 18 -1 -2
<0> 2 5 9 13 16 18 -1 <1> 2 5 10 13 15 18 -1 <2> 4 5 9 12 16 19 -1 <3> 2 5 9 13 15 18 -1 <4> 4 5 9 13 15 19 -1 -2
<0> 2 8 11 14 17 18 -1 <1> 2 8 11 13 17 18 -1 <2> 2 8 11 14 17 19 -1 -2
<0> 4 8 9 13 16 19 -1 <1> 4 8 9 12 15 19 -1 -2
<0> 2 8 10 13 16 18 -1 <1> 2 8 10 14 17 19 -1 <2> 2 8 10 14 17 18 -1 -2
<0> 4 7 10 13 16 18 -1 <1> 4 7 10 13 16 18 -1 <2> 4 8 10 12 16 18 -1 <3> 4 7 10 13 15 18 -1 <4> 4 7 9 12 15 18 -1 -2
<0> 4 8 9 12 16 18 -1 <1> 4 7 9 12 15 18 -1 -2
<0> 2 8 11 14 17 18 -1 <1> 2 7 11 14 17 18 -1 -2
<0> 2 5 11 13 16 18 -1 <1> 2 5 11 14 16 18 -1 <2> 2 5 11 13 16 18 -1 <3> 2 5 11 13 16 18 -1 <4> 2 5 10 13 16 18 -1 -2
<0> 2 8 11 14 17 18 -1 <1> 2 8 10 13 17 19 -1 -2
<0> 2 5 11 13 17 18 -1 <1> 2 5 10 13 16 18 -1 -2
<0> 2 5 10 14 17 18 -1 <1> 2 5 10 13 17 18 -1 <2> 2 5 10 13 17 18 -1 <3> 2 5 10 13 17 18 -1 <4> 2 5 9 13 17 18 -1 -2
<0> 2 5 9 13 17 18 -1 <1> 2 5 9 13 17 18 -1 <2> 2 5 9 13 17 18 -1 <3> 2 5 9 13 17 18 -1 <4> 2 5 9 13 17 18 -1 -2
<0> 4 5 9 12 15 18 -1 <1> 4 5 9 12 15 18 -1 -2
<0> 2 7 10 14 17 18 -1 <1> 2 7 10 13 16 18 -1 <2> 2 7 10 13 16 18 -1 -2
<0> 2 5 11 13 16 19 -1 <1> 2 5 11 13 16 19 -1 <2> 2 5 11 13 16 18 -1 <3> 2 5 10 13 16 18 -1 <4> 2 5 10 13 16 19 -1 -2
<0> 2 5 9 13 17 18 -1 <1> 2 5 9 13 17 18 -1 <2> 2 5 9 13 17 18 -1 <3> 2 5 9 13 17 18 -1 <4> 2 5 9 13 17 19 -1 -2
<0> 4 8 10 13 15 18 -1 <1> 4 8 9 12 16 18 -1 <2> 4 8 10 12 16 18 -1 <3> 4 8 9 12 16 18 -1 <4> 4 8 9 12 16 19 -1 -2
<0> 2 8 11 14 17 19 -1 <1> 2 8 10 13 16 18 -1 <2> 2 8 10 13 16 18 -1 <3> 4 7 10 13 16 18 -1 <4> 4 7 9 13 16 18 -1 -2
<0> 2 5 11 13 16 18 -1 <1> 2 5 10 13 15 18 -1 <2> 4 5 10 13 15 18 -1 <3> 4 5 9 12 15 18 -1 <4> 4 5 9 12 15 18 -1 -2
<0> 2 5 11 13 16 18 -1 <1> 2 5 11 13 16 18 -1 <2> 2 5 11 13 16 18 -1 <3> 2 5 11 13 16 18 -1 <4> 2 5 11 13 16 19 -1 -2
<0> 2 8 11 13 16 18 -1 <1> 2 5 11 13 16 18 -1 <2> 2 5 11 13 16 18 -1 <3> 2 5 11 13 15 18 -1 <4> 4 5 10 13 15 19 -1 -2
<0> 2 5 10 14 17 18 -1 <1> 2 5 9 13 16 18 -1 -2
<0> 4 8 10 13 16 18 -1 <1> 4 8 10 13 16 18 -1 <2> 4 8 9 13 16 18 -1 <3> 2 8 10 13 16 18 -1 <4> 2 8 10 13 16 18 -1 -2
<0> 2 5 11 13 16 18 -1 <1> 2 5 11 13 16 18 -1 -2
<0> 2 5 10 13 16 18 -1 <1> 2 5 10 13 16 19 -1 <2> 2 8 10 13 16 19 -1 <3> 2 8 10 13 16 19 -1 <4> 4 5 10 12 16 19 -1 -2
<0> 2 5 11 13 16 18 -1 <1> 2 5 10 13 16 19 -1 <2> 2 5 10 13 15 19 -1 <3> 4 8 9 12 15 19 -1 -2
<0> 2 8 11 14 17 18 -1 <1> 2 8 11 13 16 19 -1 <2> 2 8 11 13 16 19 -1 <3> 2 8 11 13 16 19 -1 <4> 4 8 10 13 16 19 -1 -2
<0> 2 8 10 14 16 19 -1 <1> 2 7 10 14 17 18 -1 <2> 2 7 10 14 16 19 -1 <3> 4 7 10 13 16 18 -1 <4> 4 7 9 13 16 18 -1 -2
<0> 2 8 10 13 16 18 -1 <1> 2 8 10 13 16 18 -1 <2> 2 5 10 13 16 18 -1 <3> 4 8 10 13 16 19 -1 <4> 4 8 10 13 16 18 -1 -2
<0> 2 5 10 13 16 18 -1 <1> 4 5 9 13 16 18 -1 <2> 4 5 9 12 16 18 -1 -2
<0> 2 5 9 14 17 18 -1 <1> 2 5 9 13 17 18 -1 <2> 2 5 9 13 17 18 -1 <3> 2 5 9 13 17 18 -1 <4> 2 5 9 13 17 18 -1 -2
<0> 2 5 11 13 16 18 -1 <1> 2 5 11 13 16 18 -1 <2> 2 5 11 13 16 18 -1 <3> 2 5 11 13 16 18 -1 <4> 2 5 11 13 16 18 -1 -2
<0> 2 5 10 13 17 18 -1 <1> 2 5 10 13 17 18 -1 <2> 2 5 9 13 17 18 -1 <3> 2 5 9 13 17 18 -1 <4> 2 5 9 13 17 18 -1 -2
<0> 2 8 11 14 17 19 -1 <1> 2 8 11 14 17 18 -1 <2> 2 7 11 14 17 18 -1 -2
<0> 2 5 11 13 16 18 -1 <1> 2 5 11 13 16 18 -1 <2> 2 5 11 13 16 18 -1 <3> 2 5 11 13 16 19 -1 <4> 2 5 10 13 16 18 -1 -2
<0> 2 5 10 14 17 18 -1 <1> 2 5 10 13 16 18 -1 <2> 4 5 9 12 15 18 -1 <3> 4 8 9 12 15 18 -1 -2
<0> 2 5 10 13 17 18 -1 <1> 2 5 10 13 17 18 -1 <2> 2 5 10 13 17 18 -1 <3> 2 5 9 13 17 18 -1 <4> 2 5 9 13 16 18 -1 -2
<0> 2 5 10 13 16 18 -1 <1> 2 8 10 13 16 18 -1 <2> 2 5 10 13 16 18 -1 <3> 2 5 10 13 16 18 -1 <4> 2 8 10 13 16 18 -1 -2
<0> 2 7 11 14 17 18 -1 <1> 2 7 11 14 17 19 -1 <2> 2 8 11 14 17 18 -1 <3> 2 7 11 14 17 18 -1 <4> 2 6 11 14 17 18 -1 -2
<0> 2 8 11 14 16 18 -1 <1> 2 8 11 13 16 18 -1 <2> 2 7 11 13 16 19 -1 <3> 2 7 11 13 16 19 -1 -2
<0> 2 7 10 14 17 19 -1 <1> 4 6 10 14 17 19 -1 <2> 4 6 10 13 17 19 -1 -2
<0> 2 8 10 13 16 19 -1 <1> 2 8 10 14 17 19 -1 -2
<0> 2 5 10 13 16 18 -1 <1> 2 5 11 13 16 18 -1 <2> 2 5 10 13 16 18 -1 <3> 2 5 10 13 16 18 -1 <4> 2 5 10 13 16 19 -1 -2
<0> 2 8 11 14 17 18 -1 <1> 2 7 10 14 17 18 -1 -2
<0> 2 8 11 13 16 18 -1 <1> 2 8 11 13 16 19 -1 <2> 2 8 11 13 16 18 -1 <3> 2 8 10 13 16 18 -1 <4> 4 8 10 13 15 18 -1 -2
<0> 2 5 10 13 16 18 -1 <1> 4 5 9 13 16 18 -1 -2
<0> 4 5 9 12 17 18 -1 <1> 4 5 9 12 17 18 -1 -2
<0> 2 5 11 13 16 18 -1 <1> 2 5 10 13 16 18 -1 <2> 4 8 10 12 16 19 -1 <3> 4 8 10 12 15 19 -1 <4> 3 8 9 12 15 19 -1 -2
<0> 2 8 11 14 16 18 -1 <1> 2 8 11 13 16 18 -1 <2> 2 8 11 13 16 18 -1 <3> 2 8 11 13 16 18 -1 <4> 4 7 10 13 16 19 -1 -2
<0> 2 5 11 13 16 18 -1 <1> 2 5 11 13 16 18 -1 <2> 2 5 10 13 16 18 -1 <3> 2 5 11 13 16 18 -1 <4> 2 5 10 13 16 18 -1 -2
<0> 2 5 9 13 17 18 -1 <1> 2 5 9 13 17 18 -1 <2> 2 5 9 13 16 18 -1 <3> 4 5 9 12 16 18 -1 -2
<0> 4 5 10 12 16 19 -1 <1> 4 8 9 12 16 18 -1 <2> 4 8 9 12 16 18 -1 <3> 4 8 9 12 15 18 -1 <4> 4 8 9 12 15 19 -1 -2
<0> 2 5 11 13 16 18 -1 <1> 2 5 11 13 16 18 -1 <2> 2 5 11 13 16 18 -1 <3> 2 5 11 13 16 18 -1 <4> 2 5 11 13 16 18 -1 -2
<0> 4 8 9 13 16 19 -1 <1> 4 8 9 12 15 18 -1 -2
<0> 4 5 9 12 16 18 -1 <1> 4 5 9 12 16 18 -1 <2> 4 5 9 12 16 18 -1 -2
<0> 2 8 10 13 16 19 -1 <1> 2 8 10 13 16 18 -1 -2
<0> 2 5 9 13 17 18 -1 <1> 2 5 9 13 17 18 -1 <2> 2 5 9 12 17 18 -1 <3> 4 5 9 12 17 18 -1 <4> 2 5 9 13 17 18 -1 -2
<0> 2 8 10 13 16 18 -1 <1> 2 8 10 13 16 18 -1 -2
<0> 2 8 11 14 17 18 -1 <1> 2 8 11 14 17 18 -1 <2> 2 7 11 14 17 18 -1 <3> 2 7 10 14 17 19 -1 <4> 2 7 10 14 17 18 -1 -2
<0> 2 5 10 13 15 18 -1 <1> 4 5 10 12 15 18 -1 <2> 4 5 10 12 15 18 -1 <3> 4 8 9 12 16 18 -1 <4> 3 8 9 12 15 19 -1 -2
<0> 2 5 9 13 17 18 -1 <1> 4 5 9 13 16 18 -1 -2
<0> 2 7 11 14 17 18 -1 <1> 2 7 11 14 17 18 -1 <2> 2 6 11 14 17 18 -1 <3> 2 6 10 14 17 19 -1 <4> 4 6 10 13 17 19 -1 -2
<0> 2 7 11 13 16 18 -1 <1> 4 7 10 13 16 18 -1 <2> 4 7 10 13 16 18 -1 -2
<0> 2 5 10 13 16 18 -1 <1> 2 5 10 13 16 19 -1 <2> 2 8 10 13 16 19 -1 -2
<0> 2 5 11 12 15 18 -1 <1> 2 5 11 12 15 18 -1 <2> 4 5 10 12 15 18 -1 -2
<0> 4 7 10 13 16 19 -1 <1> 4 8 10 13 16 19 -1 <2> 2 8 10 13 16 19 -1 <3> 2 8 10 13 16 19 -1 <4> 2 8 10 13 16 19 -1 -2
<0> 2 5 10 14 17 18 -1 <1> 2 5 10 14 17 18 -1 <2> 2 5 10 14 17 18 -1 <3> 2 5 10 14 17 18 -1 <4> 2 5 9 14 17 18 -1 -2
<0> 2 5 10 14 17 18 -1 <1> 2 5 10 13 17 18 -1 <2> 2 5 10 13 16 18 -1 <3> 2 5 10 13 16 18 -1 <4> 2 5 10 13 16 18 -1 -2
<0> 2 5 10 13 17 19 -1 <1> 2 5 10 13 16 18 -1 <2> 4 5 9 13 16 19 -1 <3> 4 5 9 12 15 18 -1 -2
<0> 2 8 9 13 16 18 -1 <1> 4 8 9 13 16 18 -1 <2> 4 8 9 13 16 18 -1 <3> 4 8 9 13 16 18 -1 <4> 4 8 9 13 15 18 -1 -2
<0> 2 8 11 14 17 18 -1 <1> 2 8 11 14 17 18 -1 -2
<0> 2 8 10 13 17 18 -1 <1> 2 8 9 13 16 18 -1 <2> 2 8 9 13 16 18 -1 <3> 4 8 9 13 16 18 -1 <4> 4 8 9 13 16 18 -1 -2
<0> 2 5 10 13 17 18 -1 <1> 2 5 10 13 16 18 -1 <2> 2 5 9 13 16 18 -1 <3> 2 5 10 12 16 18 -1 <4> 4 8 9 12 16 19 -1 -2
<0> 2 5 10 14 17 18 -1 <1> 2 5 10 14 17 18 -1 <2> 2 5 10 13 17 18 -1 <3> 2 5 10 13 17 18 -1 <4> 2 5 10 13 17 18 -1 -2
<0> 2 5 11 14 16 18 -1 <1> 2 5 10 14 16 18 -1 <2> 2 5 10 13 16 18 -1 <3> 2 5 10 13 16 19 -1 -2
<0> 2 8 11 14 16 18 -1 <1> 2 8 11 14 16 18 -1 <2> 2 8 11 14 16 18 -1 <3> 2 8 11 13 16 18 -1 <4> 2 8 10 13 16 18 -1 -2
<0> 2 7 11 14 17 18 -1 <1> 2 7 11 14 17 18 -1 <2> 2 7 11 14 17 18 -1 -2
<0> 2 8 11 13 16 18 -1 <1> 2 8 11 13 16 18 -1 <2> 2 8 11 13 16 18 -1 <3> 2 8 10 13 16 18 -1 <4> 2 8 10 13 16 18 -1 -2
<0> 2 8 10 13 15 18 -1 <1> 4 8 10 13 15 18 -1 -2
<0> 2 8 11 14 17 18 -1 <1> 2 7 11 14 17 18 -1 -2
<0> 2 8 11 13 16 18 -1 <1> 4 8 10 13 16 19 -1 <2> 4 7 10 12 16 18 -1 <3> 4 7 10 12 16 18 -1 <4> 4 7 10 12 15 18 -1 -2
<0> 3 8 9 12 15 19 -1 <1> 3 8 9 12 15 19 -1 -2
<0> 2 8 11 14 17 18 -1 <1> 2 8 11 14 17 18 -1 <2> 2 7 11 14 16 19 -1 -2
<0> 4 8 9 12 16 19 -1 <1> 4 8 9 12 16 19 -1 -2
<0> 2 5 9 13 17 18 -1 <1> 2 5 9 13 16 18 -1 <2> 4 5 9 12 16 18 -1 -2
<0> 4 8 10 13 16 19 -1 <1> 4 8 11 13 15 18 -1 <2> 2 8 11 13 16 18 -1 <3> 2 8 11 13 16 18 -1 <4> 2 8 11 13 16 18 -1 -2
<0> 4 5 9 12 16 19 -1 <1> 4 5 9 12 16 19 -1 <2> 4 8 9 12 16 19 -1 -2
<0> 2 5 11 14 17 18 -1 <1> 2 5 11 14 16 18 -1 <2> 2 5 11 13 16 18 -1 <3> 2 5 10 13 16 18 -1 <4> 2 5 10 13 16 18 -1 -2
<0> 4 8 10 12 16 18 -1 <1> 4 8 10 12 15 18 -1 <2> 4 8 10 12 15 19 -1 <3> 4 8 10 13 16 18 -1 -2
<0> 2 5 11 13 16 18 -1 <1> 2 5 11 13 16 18 -1 <2> 2 5 11 13 16 18 -1 -2
<0> 2 8 11 14 17 18 -1 <1> 2 8 11 14 17 19 -1 -2
<0> 2 8 10 13 16 18 -1 <1> 4 8 10 13 15 19 -1 <2> 2 8 10 13 16 18 -1 <3> 4 7 10 13 15 18 -1 <4> 4 7 10 13 15 18 -1 -2
<0> 2 8 11 13 16 18 -1 <1> 2 7 10 13 16 18 -1 <2> 4 7 10 13 16 18 -1 -2
<0> 2 5 11 14 17 19 -1 <1> 2 5 11 14 17 19 -1 -2
<0> 2 5 10 13 16 18 -1 <1> 2 5 10 13 16 18 -1 <2> 4 5 9 12 15 18 -1 -2
<0> 2 5 10 14 17 18 -1 <1> 2 8 10 14 16 18 -1 <2> 2 8 10 13 16 18 -1 <3> 2 8 9 13 16 19 -1 -2
<0> 2 8 11 14 17 18 -1 <1> 2 8 11 14 17 18 -1 <2> 2 8 11 13 16 18 -1 -2
<0> 2 5 10 14 17 18 -1 <1> 2 5 10 14 17 18 -1 -2
<0> 2 5 10 14 17 18 -1 <1> 2 5 10 14 17 18 -1 <2> 2 5 10 14 17 18 -1 <3> 2 5 10 13 16 18 -1 <4> 2 5 10 13 17 18 -1 -2
<0> 2 5 10 13 16 19 -1 <1> 2 5 10 13 16 19 -1 <2> 2 5 10 13 16 18 -1 <3> 2 5 9 13 16 18 -1 -2
<0> 4 7 9 12 15 18 -1 <1> 3 7 9 12 15 18 -1 <2> 4 8 9 12 15 18 -1 -2
<0> 2 5 10 13 16 19 -1 <1> 2 5 10 13 16 19 -1 -2
<0> 4 8 10 13 16 18 -1 <1> 4 8 10 13 15 18 -1 -2
<0> 2 5 10 14 17 18 -1 <1> 2 5 10 14 17 18 -1 <2> 2 5 10 13 17 18 -1 <3> 2 5 10 13 17 18 -1 <4> 2 5 10 13 17 18 -1 -2
<0> 2 8 10 13 16 19 -1 <1> 4 8 10 13 16 19 -1 -2
<0> 2 5 10 14 17 18 -1 <1> 2 5 10 14 17 18 -1 <2> 2 5 10 14 17 18 -1 -2
<0> 2 5 11 13 16 18 -1 <1> 2 5 11 13 16 18 -1 <2> 2 5 11 13 16 18 -1 <3> 2 5 11 13 16 18 -1 <4> 2 8 11 13 15 19 -1 -2
<0> 2 5 10 13 17 18 -1 <1> 2 5 9 13 16 18 -1 -2
<0> 4 6 10 13 16 19 -1 <1> 4 6 11 14 16 18 -1 -2
<0> 2 8 10 14 16 18 -1 <1> 4 7 9 13 16 19 -1 <2> 4 8 9 13 16 19 -1 -2
<0> 2 5 10 13 16 18 -1 <1> 2 5 10 13 16 18 -1 <2> 4 5 9 12 15 18 -1 <3> 4 5 9 12 15 18 -1 <4> 4 5 9 12 15 18 -1 -2
<0> 2 8 11 14 17 18 -1 <1> 2 8 11 14 17 18 -1 <2> 2 8 11 14 17 18 -1 <3> 2 6 10 14 17 19 -1 -2
<0> 2 7 11 14 17 19 -1 <1> 2 7 11 14 17 19 -1 <2> 2 7 10 13 16 19 -1 <3> 2 7 11 14 17 19 -1 -2
<0> 2 8 11 14 17 19 -1 <1> 2 7 11 14 17 19 -1 <2> 2 7 11 14 17 19 -1 -2
<0> 2 5 11 14 16 18 -1 <1> 2 5 11 14 16 18 -1 <2> 2 5 11 13 16 18 -1 <3> 2 5 11 13 16 18 -1 <4> 2 5 11 13 15 18 -1 -2
<0> 2 5 11 13 16 18 -1 <1> 2 5 11 13 16 18 -1 <2> 2 5 11 13 16 18 -1 <3> 2 5 11 13 17 18 -1 <4> 2 8 11 13 16 18 -1 -2
<0> 2 5 10 14 17 18 -1 <1> 2 5 10 14 17 18 -1 <2> 2 8 10 14 17 18 -1 <3> 2 8 10 14 17 18 -1 -2
<0> 2 5 10 14 17 18 -1 <1> 2 5 10 13 16 19 -1 <2> 2 5 10 13 16 19 -1 <3> 2 5 10 13 16 18 -1 <4> 2 8 10 13 16 19 -1 -2
<0> 2 5 10 13 16 18 -1 <1> 2 5 10 13 15 18 -1 <2> 4 5 9 12 15 18 -1 -2
<0> 2 8 10 13 16 18 -1 <1> 2 8 10 13 16 18 -1 <2> 4 8 9 12 16 18 -1 <3> 4 8 9 12 16 19 -1 -2
<0> 2 5 10 13 15 18 -1 <1> 2 5 10 13 15 18 -1 <2> 4 5 10 13 15 19 -1 <3> 4 5 10 12 15 19 -1 -2
<0> 2 8 10 13 16 18 -1 <1> 2 8 10 13 16 19 -1 <2> 2 8 10 13 16 19 -1 <3> 2 8 10 13 16 19 -1 <4> 4 8 10 13 16 18 -1 -2
<0> 2 8 10 13 16 18 -1 <1> 2 8 10 13 16 18 -1 <2> 4 8 9 13 16 18 -1 <3> 3 7 9 12 15 19 -1 -2
<0> 2 5 9 13 17 18 -1 <1> 4 8 9 12 15 19 -1 <2> 4 8 9 12 15 19 -1 -2
<0> 2 5 10 13 16 18 -1 <1> 2 5 9 13 16 18 -1 <2> 4 5 9 12 16 18 -1 <3> 4 5 9 12 16 18 -1 <4> 4 5 9 12 16 18 -1 -2
<0> 2 5 10 14 17 18 -1 <1> 2 8 10 14 16 18 -1 <2> 2 5 10 13 16 18 -1 <3> 2 8 10 13 16 18 -1 <4> 2 5 10 14 17 18 -1 -2
<0> 2 5 10 13 15 18 -1 <1> 4 5 9 13 15 18 -1 -2
<0> 2 5 10 14 16 18 -1 <1> 2 5 10 14 16 18 -1 <2> 2 5 9 13 16 18 -1 <3> 2 5 9 13 16 18 -1 <4> 2 5 9 13 16 18 -1 -2
<0> 2 5 10 14 17 18 -1 <1> 2 5 10 13 17 18 -1 <2> 2 5 10 13 17 18 -1 <3> 2 5 10 13 17 19 -1 <4> 2 5 10 13 17 18 -1 -2
<0> 2 8 11 13 16 18 -1 <1> 4 8 10 12 15 18 -1 -2
<0> 4 5 10 13 15 18 -1 <1> 4 5 10 12 15 18 -1 <2> 4 8 10 12 15 18 -1 <3> 4 8 9 12 15 18 -1 -2
<0> 2 8 11 14 17 18 -1 <1> 2 7 11 14 17 18 -1 <2> 2 6 11 14 17 18 -1 <3> 2 6 11 14 17 18 -1 -2
<0> 2 5 10 13 16 19 -1 <1> 2 5 10 13 16 19 -1 <2> 2 5 10 13 16 19 -1 -2
<0> 2 5 9 13 16 19 -1 <1> 2 5 10 13 16 18 -1 <2> 2 5 10 13 17 19 -1 <3> 4 5 9 13 16 19 -1 <4> 2 5 9 13 17 18 -1 -2
<0> 2 8 10 13 16 18 -1 <1> 2 8 10 13 16 18 -1 <2> 2 8 9 13 16 18 -1 <3> 2 8 10 13 16 18 -1 <4> 4 8 9 13 16 19 -1 -2
<0> 2 8 11 14 17 19 -1 <1> 2 8 11 14 17 18 -1 <2> 2 8 11 14 17 18 -1 -2
<0> 4 8 9 13 16 19 -1 <1> 4 8 9 13 16 19 -1 -2
<0> 2 5 9 13 16 18 -1 <1> 2 5 9 13 16 19 -1 <2> 4 5 9 12 16 19 -1 -2
<0> 2 8 10 13 16 18 -1 <1> 2 8 9 13 16 18 -1 <2> 4 8 9 12 15 19 -1 -2
<0> 2 7 10 14 17 18 -1 <1> 2 7 10 14 16 18 -1 -2
<0> 2 8 10 14 17 18 -1 <1> 2 8 10 14 17 18 -1 <2> 4 7 9 14 17 18 -1 -2
<0> 2 5 10 14 17 19 -1 <1> 2 5 10 13 17 18 -1 <2> 2 8 10 13 17 18 -1 <3> 2 5 10 13 17 19 -1 <4> 2 8 10 13 17 19 -1 -2
<0> 2 5 9 13 17 18 -1 <1> 2 5 9 13 17 18 -1 <2> 2 5 9 13 16 18 -1 <3> 2 5 9 13 16 18 -1 -2
<0> 4 5 10 12 16 18 -1 <1> 4 5 10 12 15 18 -1 <2> 4 8 9 13 16 19 -1 <3> 4 8 9 12 15 18 -1 <4> 4 5 9 12 15 18 -1 -2
<0> 2 5 10 14 17 18 -1 <1> 2 5 10 13 17 18 -1 <2> 2 5 9 13 16 18 -1 <3> 2 8 9 13 16 18 -1 <4> 4 8 9 12 16 18 -1 -2
<0> 4 8 9 12 15 19 -1 <1> 3 8 9 12 15 19 -1 -2
<0> 2 8 11 14 17 18 -1 <1> 2 7 11 14 17 18 -1 <2> 2 7 11 14 17 18 -1 <3> 2 6 11 13 17 18 -1 <4> 4 6 10 13 16 18 -1 -2
<0> 2 5 10 14 17 18 -1 <1> 2 5 10 14 16 18 -1 <2> 2 5 10 13 17 18 -1 <3> 2 5 9 13 16 18 -1 <4> 2 8 9 13 16 18 -1 -2
<0> 4 7 10 13 16 18 -1 <1> 4 7 10 13 16 18 -1 <2> 4 6 10 13 16 19 -1 <3> 4 6 10 13 16 19 -1 -2
<0> 2 5 10 14 17 18 -1 <1> 2 5 10 14 17 18 -1 <2> 2 5 10 13 17 18 -1 <3> 2 5 10 13 17 18 -1 <4> 2 5 10 13 17 18 -1 -2
<0> 2 5 10 13 17 18 -1 <1> 2 5 10 14 17 18 -1 <2> 2 5 10 13 17 18 -1 <3> 2 5 10 13 17 18 -1 <4> 2 5 10 13 17 18 -1 -2
<0> 2 5 10 13 17 18 -1 <1> 4 5 9 12 16 18 -1 <2> 4 5 9 12 15 18 -1 -2
<0> 2 5 10 13 17 18 -1 <1> 2 5 10 13 17 18 -1 <2> 2 5 10 13 17 18 -1 <3> 2 5 10 13 16 18 -1 <4> 2 8 9 13 16 18 -1 -2
<0> 2 5 10 13 16 18 -1 <1> 2 5 10 13 16 18 -1 <2> 2 5 10 13 16 18 -1 <3> 2 8 10 13 16 18 -1 <4> 4 8 10 13 15 18 -1 -2
<0> 2 5 10 14 17 18 -1 <1> 2 5 10 14 17 18 -1 <2> 2 8 10 14 17 18 -1 <3> 2 5 10 13 16 18 -1 <4> 2 5 10 13 16 18 -1 -2
<0> 2 5 10 13 17 18 -1 <1> 2 5 9 13 17 18 -1 <2> 2 5 9 13 17 18 -1 <3> 2 5 9 13 17 18 -1 <4> 4 5 9 12 17 18 -1 -2
<0> 2 8 11 14 17 19 -1 <1> 4 8 10 13 16 19 -1 -2
<0> 2 5 10 14 17 18 -1 <1> 2 5 10 14 17 18 -1 <2> 2 5 10 14 17 18 -1 <3> 2 5 10 14 17 18 -1 <4> 2 5 10 14 17 18 -1 -2
<0> 2 8 10 14 17 18 -1 <1> 4 6 9 13 16 19 -1 -2
<0> 2 5 9 13 16 18 -1 <1> 2 5 9 13 16 18 -1 -2
<0> 2 5 10 14 17 18 -1 <1> 2 5 10 13 17 18 -1 -2
<0> 2 8 11 14 17 18 -1 <1> 2 8 11 14 17 18 -1 <2> 2 7 11 14 16 18 -1 <3> 2 7 10 13 16 19 -1 <4> 4 6 10 14 16 18 -1 -2
<0> 2 5 10 13 17 19 -1 <1> 2 5 10 13 17 18 -1 <2> 2 5 9 13 17 18 -1 <3> 2 5 9 13 16 18 -1 <4> 4 5 9 13 16 18 -1 -2
<0> 2 5 9 13 16 18 -1 <1> 2 5 9 13 16 18 -1 <2> 2 5 10 13 16 18 -1 <3> 2 5 10 13 16 18 -1 <4> 2 5 10 13 16 18 -1 -2
<0> 2 8 9 13 17 18 -1 <1> 2 8 9 13 17 18 -1 <2> 4 5 9 12 16 18 -1 <3> 4 5 9 12 16 18 -1 <4> 4 8 9 12 16 18 -1 -2
<0> 2 5 10 13 16 18 -1 <1> 2 8 9 13 16 18 -1 <2> 2 8 9 13 16 18 -1 <3> 2 8 9 13 16 18 -1 <4> 4 8 9 12 16 18 -1 -2
<0> 2 8 11 13 16 18 -1 <1> 3 7 9 12 15 18 -1 <2> 3 7 9 12 15 18 -1 -2
<0> 2 5 10 13 17 18 -1 <1> 2 5 10 13 17 18 -1 <2> 2 5 10 13 17 18 -1 <3> 2 5 9 13 17 18 -1 -2
<0> 4 7 9 13 16 19 -1 <1> 4 8 9 12 16 19 -1 <2> 3 7 9 12 16 18 -1 -2
<0> 2 8 11 14 17 18 -1 <1> 2 7 10 13 16 18 -1 <2> 4 6 9 13 16 18 -1 <3> 4 6 9 13 16 18 -1 -2
<0> 2 8 11 14 17 19 -1 <1> 2 7 11 14 17 19 -1 <2> 2 7 11 14 17 18 -1 <3> 2 7 11 14 17 18 -1 <4> 2 6 11 14 17 18 -1 -2
<0> 2 5 10 13 16 18 -1 <1> 2 5 10 13 16 18 -1 -2
<0> 2 5 10 13 16 18 -1 <1> 2 5 10 13 16 18 -1 <2> 2 5 10 13 16 18 -1 <3> 2 5 10 13 16 18 -1 <4> 2 5 10 13 16 18 -1 -2
<0> 2 5 9 13 17 18 -1 <1> 2 5 9 13 16 18 -1 <2> 2 5 9 13 16 18 -1 <3> 4 8 9 12 16 18 -1 -2
<0> 2 8 11 14 17 19 -1 <1> 2 8 10 13 17 19 -1 -2
<0> 2 5 11 13 16 18 -1 <1> 2 5 10 13 16 18 -1 <2> 2 5 10 13 16 18 -1 <3> 2 5 9 13 16 19 -1 <4> 4 8 9 13 16 19 -1 -2
<0> 2 5 10 13 16 18 -1 <1> 2 5 10 13 16 18 -1 <2> 2 5 10 13 16 18 -1 <3> 2 5 9 13 16 18 -1 -2
<0> 2 8 11 14 17 19 -1 <1> 4 7 11 13 16 19 -1 -2
<0> 2 5 10 14 17 18 -1 <1> 2 8 10 13 17 18 -1 <2> 2 8 9 13 16 18 -1 <3> 2 5 9 13 16 18 -1 <4> 4 8 9 12 16 18 -1 -2
<0> 4 8 9 13 16 18 -1 <1> 4 7 9 12 15 19 -1 -2
<0> 2 5 10 13 17 18 -1 <1> 2 5 10 13 17 18 -1 <2> 2 5 10 13 17 18 -1 <3> 2 5 10 13 17 18 -1 <4> 2 5 10 13 17 18 -1 -2
<0> 2 8 11 14 16 18 -1 <1> 2 8 10 13 16 18 -1 <2> 4 8 10 13 16 18 -1 -2
<0> 4 7 9 12 16 19 -1 <1> 3 6 9 12 16 18 -1 <2> 4 7 9 12 16 18 -1 <3> 4 7 9 12 16 18 -1 <4> 3 7 9 12 15 18 -1 -2
<0> 2 5 10 13 16 18 -1 <1> 2 5 10 13 16 18 -1 <2> 2 5 10 13 16 18 -1 <3> 2 5 10 13 16 18 -1 -2
<0> 2 8 11 14 17 18 -1 <1> 2 7 11 14 17 18 -1 <2> 4 6 10 14 17 19 -1 <3> 2 6 10 14 17 18 -1 <4> 4 6 10 13 16 18 -1 -2
<0> 2 7 11 14 17 18 -1 <1> 2 7 11 14 17 18 -1 <2> 2 8 11 14 17 18 -1 <3> 2 7 11 14 17 18 -1 <4> 2 7 11 14 17 18 -1 -2
<0> 2 5 11 13 16 18 -1 <1> 2 8 10 14 16 18 -1 <2> 2 8 10 13 16 18 -1 <3> 4 8 9 13 16 19 -1 <4> 4 8 9 13 16 19 -1 -2
<0> 2 8 11 14 17 18 -1 <1> 2 8 10 13 16 18 -1 <2> 2 8 10 13 16 18 -1 <3> 2 8 10 13 16 18 -1 <4> 2 8 10 13 16 18 -1 -2
<0> 2 8 10 13 16 18 -1 <1> 2 8 10 13 17 18 -1 <2> 2 8 9 13 16 18 -1 <3> 4 8 9 13 16 18 -1 <4> 4 8 9 12 16 19 -1 -2
<0> 2 7 11 13 16 18 -1 <1> 2 7 11 13 16 18 -1 -2
<0> 2 8 11 14 17 18 -1 <1> 2 8 11 14 17 19 -1 <2> 2 8 11 14 17 19 -1 <3> 2 8 11 14 17 18 -1 <4> 2 7 11 14 17 18 -1 -2
<0> 2 5 10 14 17 18 -1 <1> 2 5 10 14 17 18 -1 <2> 2 8 10 13 17 18 -1 <3> 2 8 10 14 17 18 -1 <4> 2 8 10 14 17 18 -1 -2
<0> 2 8 10 14 17 18 -1 <1> 2 8 10 13 16 18 -1 <2> 2 8 10 13 16 18 -1 <3> 2 8 10 13 16 18 -1 <4> 2 8 10 13 16 18 -1 -2
<0> 2 5 10 14 17 18 -1 <1> 2 5 10 13 16 18 -1 <2> 2 5 10 13 16 18 -1 <3> 2 8 10 13 16 18 -1 -2
<0> 2 5 10 14 17 18 -1 <1> 2 5 10 14 17 18 -1 <2> 2 5 10 14 17 18 -1 <3> 2 5 10 14 17 18 -1 <4> 2 5 10 14 17 18 -1 -2
<0> 2 5 9 13 17 18 -1 <1> 2 5 10 13 17 18 -1 <2> 2 5 9 13 17 18 -1 -2
<0> 2 8 10 14 17 19 -1 <1> 2 8 10 14 17 19 -1 -2
<0> 2 5 10 13 16 19 -1 <1> 2 5 10 13 17 18 -1 <2> 2 5 10 13 16 19 -1 <3> 2 5 10 13 16 18 -1 <4> 2 5 10 13 16 19 -1 -2
<0> 2 8 11 13 16 18 -1 <1> 2 8 11 13 15 18 -1 <2> 4 8 11 13 15 19 -1 <3> 4 8 10 13 15 18 -1 <4> 4 8 10 12 15 18 -1 -2
<0> 2 5 10 13 16 18 -1 <1> 4 5 9 12 16 19 -1 <2> 4 5 9 12 16 18 -1 <3> 4 5 9 12 15 19 -1 <4> 4 8 9 12 15 19 -1 -2
<0> 2 8 10 14 16 18 -1 <1> 2 8 10 13 16 18 -1 -2
<0> 2 7 11 14 17 18 -1 <1> 2 6 11 14 17 18 -1 <2> 2 6 11 14 17 18 -1 -2
<0> 4 8 9 13 16 18 -1 <1> 3 8 9 12 15 18 -1 <2> 3 7 9 12 15 18 -1 -2
<0> 2 8 11 14 17 18 -1 <1> 2 7 11 14 17 19 -1 -2
<0> 2 5 10 13 16 18 -1 <1> 2 5 10 13 16 19 -1 <2> 4 5 10 13 15 19 -1 -2
<0> 4 5 10 12 15 18 -1 <1> 4 5 9 12 15 18 -1 <2> 4 5 9 12 15 18 -1 <3> 4 5 9 12 15 18 -1 <4> 4 5 9 12 15 18 -1 -2
<0> 2 5 9 13 17 18 -1 <1> 2 5 9 13 17 18 -1 <2> 2 5 9 13 17 18 -1 -2
<0> 2 5 10 13 16 18 -1 <1> 2 5 10 13 15 18 -1 <2> 4 8 10 12 15 18 -1 <3> 4 8 9 12 15 19 -1 -2
<0> 2 5 10 14 17 18 -1 <1> 2 5 10 14 17 18 -1 <2> 2 5 10 14 17 18 -1 <3> 2 5 10 14 17 18 -1 <4> 2 5 10 13 16 18 -1 -2
<0> 2 8 11 14 17 19 -1 <1> 2 8 11 14 17 19 -1 -2
<0> 2 5 10 13 17 18 -1 <1> 2 5 10 13 17 18 -1 <2> 2 5 9 13 17 18 -1 -2
<0> 2 8 11 13 16 18 -1 <1> 4 8 10 12 15 18 -1 <2> 4 8 10 12 15 18 -1 -2
<0> 2 8 11 14 17 18 -1 <1> 2 7 11 14 17 18 -1 <2> 2 7 10 14 17 19 -1 <3> 2 7 10 14 16 18 -1 -2
<0> 2 5 9 13 17 18 -1 <1> 4 8 9 13 17 19 -1 -2
<0> 2 8 10 13 16 18 -1 <1> 2 7 10 13 16 18 -1 -2
<0> 2 8 10 14 17 18 -1 <1> 2 8 10 13 16 18 -1 -2
<0> 4 7 10 12 15 18 -1 <1> 4 6 10 13 16 18 -1 <2> 4 6 10 13 16 18 -1 -2
<0> 2 5 10 13 16 18 -1 <1> 2 8 10 13 16 18 -1 <2> 2 5 10 13 16 18 -1 <3> 2 8 10 13 16 18 -1 <4> 2 5 10 13 16 18 -1 -2
<0> 4 8 9 12 16 18 -1 <1> 4 8 9 12 16 18 -1 -2
<0> 2 8 11 13 16 18 -1 <1> 2 8 11 13 16 18 -1 <2> 2 8 10 13 16 18 -1 -2
<0> 2 5 11 13 16 18 -1 <1> 4 8 10 13 15 19 -1 -2
<0> 4 7 10 13 15 19 -1 <1> 4 7 9 12 15 19 -1 -2
<0> 2 8 11 14 17 18 -1 <1> 2 8 11 14 16 18 -1 <2> 2 7 11 14 17 19 -1 <3> 4 6 10 14 17 19 -1 -2
<0> 2 5 11 13 16 18 -1 <1> 2 5 11 13 16 18 -1 <2> 2 5 10 13 16 19 -1 -2
<0> 2 5 10 13 17 18 -1 <1> 2 8 10 13 17 18 -1 <2> 2 8 10 13 17 19 -1 <3> 4 7 9 13 17 19 -1 <4> 3 6 9 12 16 19 -1 -2
<0> 2 8 11 13 16 18 -1 <1> 4 8 10 13 16 19 -1 -2
<0> 2 5 11 13 16 18 -1 <1> 2 5 11 13 15 18 -1 -2
<0> 3 7 9 12 15 18 -1 <1> 3 7 9 12 15 18 -1 <2> 3 7 9 12 15 18 -1 <3> 3 7 9 12 15 18 -1 -2
<0> 2 8 11 14 17 19 -1 <1> 2 8 10 13 16 18 -1 <2> 2 7 10 14 17 19 -1 <3> 4 7 10 13 16 19 -1 -2
<0> 2 8 11 14 17 18 -1 <1> 2 7 10 14 16 18 -1 <2> 4 7 10 13 16 19 -1 -2
<0> 4 7 10 13 16 18 -1 <1> 3 7 9 12 15 19 -1 <2> 3 7 9 12 15 19 -1 -2
<0> 2 8 11 14 17 18 -1 <1> 2 8 11 14 17 19 -1 <2> 2 8 11 14 17 19 -1 <3> 2 7 11 14 17 19 -1 <4> 2 8 11 14 17 19 -1 -2
<0> 2 5 10 13 17 18 -1 <1> 2 5 10 14 17 18 -1 <2> 2 5 10 13 17 18 -1 <3> 2 5 9 13 17 18 -1 <4> 2 5 10 13 17 18 -1 -2
<0> 2 5 10 14 17 18 -1 <1> 2 5 10 13 17 18 -1 -2
<0> 2 5 10 13 17 18 -1 <1> 2 5 10 14 17 18 -1 <2> 2 5 10 13 17 19 -1 <3> 2 5 10 13 17 18 -1 <4> 2 5 9 13 17 18 -1 -2
<0> 4 5 9 13 16 18 -1 <1> 4 5 9 12 16 18 -1 <2> 4 8 9 12 16 18 -1 <3> 4 5 9 12 15 18 -1 -2
<0> 2 5 10 13 17 18 -1 <1> 2 5 10 13 16 18 -1 <2> 2 5 10 13 16 18 -1 <3> 4 8 9 13 16 18 -1 <4> 4 7 9 12 15 18 -1 -2
<0> 2 5 11 13 16 18 -1 <1> 2 5 11 13 16 18 -1 <2> 2 5 11 13 16 18 -1 <3> 2 5 11 13 16 18 -1 <4> 2 5 11 13 16 18 -1 -2
<0> 2 5 10 14 17 18 -1 <1> 2 8 9 13 16 18 -1 <2> 2 8 9 13 16 18 -1 -2
<0> 2 7 11 14 17 19 -1 <1> 2 8 11 14 17 19 -1 -2
<0> 2 5 10 13 16 18 -1 <1> 2 5 10 13 16 18 -1 <2> 2 5 10 13 16 19 -1 -2
<0> 2 5 11 13 16 19 -1 <1> 2 5 10 13 16 19 -1 -2
<0> 2 5 10 14 17 18 -1 <1> 2 5 10 14 17 18 -1 -2
<0> 2 5 11 14 16 18 -1 <1> 2 5 11 13 16 18 -1 <2> 2 5 11 13 16 18 -1 <3> 2 5 11 13 16 19 -1 <4> 2 5 11 13 16 19 -1 -2
<0> 2 8 10 14 16 18 -1 <1> 2 8 10 14 16 19 -1 -2
<0> 2 8 11 14 17 18 -1 <1> 2 8 11 14 17 18 -1 <2> 2 8 10 14 17 18 -1 -2
<0> 2 5 9 13 17 18 -1 <1> 2 5 9 13 16 18 -1 -2
<0> 2 8 11 14 17 19 -1 <1> 2 8 11 14 17 18 -1 <2> 2 7 11 14 17 18 -1 <3> 2 7 10 13 17 18 -1 -2
<0> 2 5 10 13 16 18 -1 <1> 4 5 9 12 15 18 -1 <2> 4 8 9 12 15 18 -1 <3> 4 8 9 12 15 18 -1 <4> 4 8 9 12 15 18 -1 -2
<0> 2 5 10 14 17 18 -1 <1> 2 5 10 13 17 18 -1 <2> 2 8 9 13 17 18 -1 <3> 2 8 9 13 17 19 -1 <4> 4 8 9 12 16 18 -1 -2
<0> 2 8 10 13 16 18 -1 <1> 4 8 10 12 15 19 -1 <2> 3 8 9 12 15 19 -1 <3> 3 8 9 12 15 19 -1 <4> 3 8 9 12 15 19 -1 -2
<0> 2 5 9 13 16 19 -1 <1> 2 5 10 13 16 19 -1 <2> 4 8 9 12 15 19 -1 -2
<0> 2 5 10 13 16 18 -1 <1> 2 5 10 13 16 18 -1 -2
<0> 2 8 11 13 17 18 -1 <1> 2 8 10 13 16 19 -1 <2> 2 8 11 13 16 18 -1 <3> 2 7 10 13 16 18 -1 -2
<0> 2 5 10 13 16 18 -1 <1> 2 5 10 13 16 18 -1 <2> 2 8 10 13 16 19 -1 -2
<0> 2 5 10 14 17 18 -1 <1> 2 5 10 13 16 18 -1 <2> 2 5 10 13 16 18 -1 <3> 2 5 10 14 16 19 -1 <4> 2 5 10 14 16 19 -1 -2
<0> 4 5 9 12 16 18 -1 <1> 4 8 9 12 15 18 -1 -2
<0> 2 5 9 13 16 18 -1 <1> 2 5 9 13 16 18 -1 <2> 4 8 9 12 16 18 -1 <3> 4 8 9 12 15 18 -1 <4> 4 8 9 12 15 18 -1 -2
<0> 2 6 11 14 17 18 -1 <1> 2 6 11 14 17 19 -1 <2> 2 6 11 14 17 18 -1 <3> 2 7 11 14 17 18 -1 <4> 2 7 10 13 17 18 -1 -2
<0> 2 8 11 13 16 18 -1 <1> 2 8 11 13 16 18 -1 <2> 2 8 10 13 16 19 -1 <3> 4 7 10 13 16 19 -1 -2
<0> 2 8 10 14 17 18 -1 <1> 2 8 10 13 16 18 -1 <2> 2 8 10 13 16 18 -1 -2
<0> 2 5 11 13 16 18 -1 <1> 2 5 11 13 16 18 -1 <2> 2 5 11 13 16 18 -1 <3> 2 5 11 13 15 18 -1 <4> 2 5 11 13 15 18 -1 -2
<0> 4 5 11 12 15 19 -1 <1> 4 5 11 12 15 18 -1 <2> 4 5 10 12 15 19 -1 <3> 4 5 10 12 15 19 -1 -2
<0> 4 8 10 13 15 18 -1 <1> 4 8 10 12 15 19 -1 -2
<0> 4 7 10 13 16 19 -1 <1> 4 7 9 13 16 19 -1 <2> 4 6 10 13 16 19 -1 -2
<0> 2 8 11 13 16 18 -1 <1> 2 7 11 13 16 18 -1 -2
<0> 2 5 10 13 17 18 -1 <1> 2 8 10 13 17 18 -1 <2> 2 5 10 13 17 19 -1 <3> 2 8 10 13 17 19 -1 <4> 2 5 10 13 17 19 -1 -2
<0> 2 5 10 13 17 18 -1 <1> 4 8 9 12 16 19 -1 <2> 4 8 9 12 16 18 -1 -2
<0> 2 8 11 14 17 18 -1 <1> 2 8 11 14 17 18 -1 <2> 2 8 10 14 17 18 -1 <3> 2 7 10 13 17 18 -1 <4> 3 6 9 12 15 18 -1 -2
<0> 2 8 10 13 16 19 -1 <1> 4 7 10 13 16 19 -1 <2> 4 7 10 13 16 19 -1 -2
<0> 2 5 10 13 16 18 -1 <1> 2 5 10 13 16 18 -1 <2> 2 5 9 13 16 18 -1 <3> 2 5 10 13 16 18 -1 <4> 2 5 10 13 16 18 -1 -2
<0> 2 5 11 14 16 18 -1 <1> 2 5 11 13 16 18 -1 <2> 2 5 11 13 16 18 -1 <3> 2 5 11 13 16 18 -1 <4> 2 5 11 13 16 19 -1 -2
<0> 2 5 10 13 17 18 -1 <1> 2 8 10 14 17 18 -1 <2> 2 8 10 13 16 19 -1 -2
<0> 2 5 11 13 16 18 -1 <1> 2 5 11 13 16 18 -1 <2> 2 5 11 13 16 18 -1 <3> 2 5 11 13 16 18 -1 <4> 2 5 11 13 16 18 -1 -2
<0> 2 5 11 13 16 18 -1 <1> 2 5 11 13 16 18 -1 <2> 2 5 11 13 16 18 -1 <3> 2 5 11 13 16 18 -1 -2
<0> 4 8 9 12 16 18 -1 <1> 4 8 10 13 16 18 -1 <2> 2 8 10 13 16 19 -1 <3> 4 8 9 12 16 19 -1 -2
<0> 2 5 10 13 16 18 -1 <1> 2 5 10 13 15 18 -1 <2> 4 5 9 13 15 18 -1 <3> 4 5 9 12 15 18 -1 -2
<0> 2 8 10 13 16 18 -1 <1> 4 8 9 13 16 18 -1 -2
<0> 2 5 11 13 16 18 -1 <1> 2 5 11 12 15 18 -1 <2> 4 5 10 12 15 19 -1 <3> 4 5 10 12 15 19 -1 <4> 4 5 10 12 15 18 -1 -2
<0> 2 5 11 13 16 18 -1 <1> 2 8 11 14 16 18 -1 <2> 2 5 10 13 16 18 -1 <3> 2 5 10 13 16 18 -1 -2
<0> 2 5 11 13 17 18 -1 <1> 2 8 10 13 16 18 -1 <2> 2 8 10 13 16 18 -1 <3> 2 8 10 13 16 18 -1 -2
<0> 2 8 11 14 17 19 -1 <1> 2 8 11 14 17 19 -1 <2> 2 8 10 14 17 19 -1 -2
<0> 2 8 11 14 16 18 -1 <1> 2 5 11 14 16 18 -1 <2> 2 5 11 13 16 18 -1 <3> 2 5 11 13 16 18 -1 <4> 2 5 10 13 16 18 -1 -2
<0> 4 8 10 12 15 19 -1 <1> 4 8 9 12 15 18 -1 <2> 4 8 10 12 15 19 -1 <3> 4 8 9 12 15 18 -1 <4> 4 8 9 12 15 18 -1 -2
<0> 2 5 11 13 16 18 -1 <1> 2 5 10 13 16 18 -1 <2> 2 5 10 13 16 19 -1 -2
<0> 2 5 10 14 17 18 -1 <1> 2 5 10 13 17 18 -1 <2> 2 5 10 13 17 18 -1 <3> 2 5 10 13 16 18 -1 -2
<0> 2 8 11 14 17 18 -1 <1> 2 8 11 14 17 19 -1 -2
<0> 2 8 10 14 17 18 -1 <1> 2 8 10 14 17 18 -1 <2> 2 8 10 13 17 18 -1 <3> 2 8 9 13 17 18 -1 <4> 4 7 9 13 16 18 -1 -2
<0> 2 5 10 14 17 18 -1 <1> 2 5 10 14 17 18 -1 <2> 2 5 10 14 17 18 -1 <3> 2 5 10 13 17 18 -1 <4> 2 5 10 13 17 18 -1 -2
<0> 2 5 10 14 17 18 -1 <1> 2 5 10 14 16 18 -1 <2> 2 5 10 13 16 18 -1 <3> 2 5 10 13 17 18 -1 <4> 2 5 10 13 16 18 -1 -2
<0> 2 5 10 14 17 18 -1 <1> 2 5 10 14 17 18 -1 <2> 2 5 10 13 16 18 -1 -2
<0> 2 5 10 14 17 18 -1 <1> 2 5 10 14 17 18 -1 <2> 2 5 10 14 17 18 -1 <3> 2 5 10 14 17 18 -1 <4> 2 5 10 13 17 18 -1 -2
<0> 2 8 10 13 17 18 -1 <1> 2 8 10 14 17 19 -1 <2> 2 8 10 13 17 19 -1 <3> 2 8 10 13 17 19 -1 <4> 4 7 9 13 17 18 -1 -2
<0> 2 8 10 13 16 19 -1 <1> 2 8 10 13 16 19 -1 <2> 4 8 9 13 16 19 -1 <3> 4 8 9 13 16 19 -1 -2
<0> 2 8 11 14 17 18 -1 <1> 2 8 10 14 17 19 -1 <2> 2 8 11 14 17 18 -1 <3> 2 8 11 14 17 18 -1 <4> 2 7 11 14 17 19 -1 -2
<0> 2 5 10 13 17 18 -1 <1> 2 5 9 13 16 18 -1 -2
<0> 2 5 11 14 16 18 -1 <1> 2 5 11 13 16 18 -1 <2> 2 5 11 13 15 18 -1 <3> 2 5 11 13 15 18 -1 <4> 2 5 11 13 15 18 -1 -2
<0> 2 5 10 13 17 18 -1 <1> 2 5 10 14 17 18 -1 <2> 2 5 9 13 17 18 -1 <3> 2 5 10 13 17 18 -1 <4> 2 5 10 13 17 18 -1 -2
<0> 2 7 11 14 17 19 -1 <1> 2 7 11 14 17 19 -1 <2> 4 6 10 13 17 19 -1 <3> 4 6 10 13 17 19 -1 <4> 4 6 10 13 16 19 -1 -2
<0> 2 7 10 13 16 19 -1 <1> 4 7 10 13 16 19 -1 -2
<0> 4 8 10 13 16 19 -1 <1> 4 8 9 13 16 19 -1 -2
<0> 4 5 9 12 15 19 -1 <1> 4 5 9 12 15 18 -1 <2> 3 5 9 12 15 19 -1 -2
<0> 2 5 10 13 17 18 -1 <1> 2 5 10 14 17 18 -1 <2> 2 5 10 13 17 18 -1 <3> 2 5 10 13 17 18 -1 <4> 2 5 10 14 17 18 -1 -2
<0> 2 8 11 13 16 18 -1 <1> 2 8 10 13 16 18 -1 <2> 2 8 10 13 16 18 -1 <3> 4 8 10 12 15 18 -1 -2
<0> 4 5 9 12 16 19 -1 <1> 4 5 9 13 15 19 -1 -2
<0> 2 5 11 13 16 18 -1 <1> 2 5 11 13 17 18 -1 <2> 2 5 11 13 16 18 -1 <3> 2 5 11 13 16 18 -1 <4> 2 5 11 14 16 18 -1 -2
<0> 4 7 10 13 16 18 -1 <1> 2 8 11 14 17 18 -1 <2> 4 6 10 14 16 18 -1 -2
<0> 2 7 10 13 17 19 -1 <1> 2 7 10 14 17 19 -1 -2
<0> 2 5 10 13 17 18 -1 <1> 2 5 10 13 17 18 -1 <2> 2 5 10 13 16 18 -1 <3> 2 5 10 13 16 18 -1 <4> 2 5 10 13 16 18 -1 -2
<0> 2 8 10 14 17 18 -1 <1> 2 8 11 14 17 18 -1 <2> 2 8 10 14 17 18 -1 <3> 2 7 10 14 17 18 -1 <4> 4 7 9 13 16 18 -1 -2
<0> 2 5 10 13 16 18 -1 <1> 2 5 9 13 16 18 -1 <2> 4 5 9 12 15 18 -1 <3> 4 5 9 12 16 18 -1 <4> 4 5 9 12 15 18 -1 -2
<0> 2 5 11 13 16 18 -1 <1> 2 5 10 13 15 19 -1 <2> 2 5 11 13 16 18 -1 <3> 2 5 11 13 15 18 -1 <4> 2 5 11 13 16 18 -1 -2
<0> 2 8 11 14 17 18 -1 <1> 2 8 10 14 17 18 -1 <2> 2 8 11 14 17 18 -1 <3> 2 8 11 14 16 19 -1 <4> 4 8 10 13 16 19 -1 -2
<0> 2 5 10 13 16 19 -1 <1> 4 5 9 13 16 19 -1 <2> 2 5 10 13 16 18 -1 <3> 4 8 9 12 16 19 -1 -2
<0> 2 5 10 13 17 19 -1 <1> 2 5 10 13 16 18 -1 <2> 4 5 9 12 16 18 -1 -2
<0> 2 5 9 13 17 18 -1 <1> 4 5 9 13 17 19 -1 <2> 4 8 9 12 16 19 -1 -2
<0> 2 8 11 14 17 18 -1 <1> 2 8 11 14 17 18 -1 <2> 2 8 10 13 17 19 -1 -2
<0> 2 8 10 13 17 18 -1 <1> 4 8 10 13 16 19 -1 -2
<0> 2 7 11 14 17 19 -1 <1> 2 6 11 14 17 18 -1 <2> 2 6 11 14 17 18 -1 -2
<0> 2 5 10 14 17 18 -1 <1> 2 5 10 14 17 18 -1 <2> 2 5 10 14 17 18 -1 <3> 2 5 10 13 17 18 -1 <4> 2 5 10 13 17 18 -1 -2
<0> 2 8 10 13 16 18 -1 <1> 2 8 10 13 16 18 -1 <2> 2 8 10 13 16 18 -1 <3> 2 8 10 13 16 18 -1 <4> 2 8 10 13 16 18 -1 -2
<0> 4 8 9 12 15 18 -1 <1> 3 8 9 12 15 19 -1 -2
<0> 2 5 10 14 17 18 -1 <1> 2 5 10 14 17 18 -1 <2> 2 5 10 14 17 18 -1 <3> 2 5 10 13 17 18 -1 <4> 4 5 9 12 17 18 -1 -2
<0> 2 7 11 14 17 19 -1 <1> 2 7 10 13 16 19 -1 <2> 4 6 10 13 16 19 -1 -2
<0> 4 7 10 13 16 18 -1 <1> 4 7 9 13 16 18 -1 -2
<0> 2 8 11 14 17 18 -1 <1> 2 8 10 13 16 18 -1 <2> 2 7 10 13 17 19 -1 <3> 2 7 10 13 17 19 -1 -2
<0> 2 8 9 13 17 18 -1 <1> 4 5 9 12 16 19 -1 <2> 4 5 9 12 16 19 -1 <3> 4 8 9 12 15 18 -1 -2
<0> 4 7 11 13 15 19 -1 <1> 3 7 10 12 15 18 -1 <2> 3 7 9 12 15 18 -1 <3> 3 6 9 12 15 19 -1 <4> 3 6 9 12 15 19 -1 -2
<0> 2 5 9 12 17 19 -1 <1> 4 5 9 13 16 19 -1 -2
<0> 2 5 10 13 16 19 -1 <1> 2 5 10 13 16 18 -1 <2> 2 5 10 13 16 19 -1 <3> 2 5 10 13 16 18 -1 <4> 2 5 10 13 16 18 -1 -2
<0> 2 8 11 13 16 18 -1 <1> 2 8 11 14 17 18 -1 <2> 2 7 10 13 16 18 -1 -2
<0> 2 8 11 14 17 18 -1 <1> 2 7 11 14 17 18 -1 <2> 2 6 11 14 17 18 -1 <3> 2 7 10 14 17 18 -1 <4> 2 6 11 14 17 18 -1 -2
<0> 2 7 10 14 17 18 -1 <1> 2 7 11 14 17 18 -1 <2> 2 6 11 13 17 18 -1 <3> 4 6 10 13 16 18 -1 -2
<0> 2 8 11 14 17 18 -1 <1> 2 7 11 14 17 18 -1 <2> 2 7 11 14 17 19 -1 <3> 4 6 10 13 17 19 -1 -2
<0> 2 5 10 14 17 18 -1 <1> 2 5 10 14 17 18 -1 <2> 2 5 10 14 17 18 -1 <3> 2 5 10 14 17 18 -1 <4> 2 5 10 14 17 18 -1 -2
<0> 2 5 9 13 17 19 -1 <1> 2 5 10 13 17 19 -1 <2> 2 5 10 13 17 19 -1 <3> 2 8 9 13 16 19 -1 <4> 2 5 9 13 17 19 -1 -2
<0> 4 8 10 13 16 19 -1 <1> 4 8 10 13 16 19 -1 <2> 4 8 10 13 16 19 -1 <3> 4 8 9 13 16 19 -1 <4> 4 5 9 13 15 19 -1 -2
<0> 2 5 10 14 17 18 -1 <1> 2 5 10 14 17 18 -1 <2> 2 5 10 14 17 18 -1 <3> 2 5 10 14 17 18 -1 <4> 2 5 10 14 17 18 -1 -2
<0> 2 8 11 13 15 18 -1 <1> 2 8 11 13 15 18 -1 -2
<0> 2 5 9 13 17 18 -1 <1> 4 5 9 12 16 19 -1 <2> 2 5 9 13 16 19 -1 <3> 2 5 9 13 16 19 -1 -2
<0> 2 8 11 14 17 18 -1 <1> 2 8 11 14 17 18 -1 <2> 2 7 11 14 17 18 -1 <3> 2 7 11 14 17 18 -1 <4> 2 7 11 14 16 18 -1 -2
<0> 2 5 10 13 16 18 -1 <1> 2 5 10 13 16 18 -1 <2> 2 5 10 13 16 18 -1 <3> 2 5 10 13 16 18 -1 <4> 2 5 9 13 16 18 -1 -2
<0> 4 5 9 13 16 18 -1 <1> 4 5 9 12 16 19 -1 -2
<0> 4 7 10 13 16 19 -1 <1> 4 8 9 12 16 19 -1 -2
<0> 2 7 10 14 17 18 -1 <1> 2 8 11 14 17 18 -1 <2> 2 7 11 14 17 18 -1 <3> 2 7 10 14 17 18 -1 <4> 2 8 10 14 17 18 -1 -2
<0> 2 5 10 13 16 18 -1 <1> 2 8 10 13 16 18 -1 <2> 2 5 10 12 16 18 -1 <3> 4 5 10 12 15 19 -1 <4> 4 8 10 12 15 19 -1 -2
<0> 2 7 11 14 17 18 -1 <1> 2 7 11 14 17 18 -1 -2
<0> 2 8 10 14 17 18 -1 <1> 2 5 10 14 17 18 -1 <2> 2 5 10 14 17 18 -1 <3> 2 5 10 14 17 18 -1 <4> 2 5 10 14 17 18 -1 -2
<0> 2 5 10 13 17 18 -1 <1> 2 5 10 13 16 18 -1 <2> 2 5 9 13 16 18 -1 -2
<0> 4 5 9 13 16 19 -1 <1> 2 5 9 13 16 18 -1 <2> 4 8 9 12 16 18 -1 <3> 4 8 9 13 16 19 -1 <4> 2 5 9 13 16 18 -1 -2
<0> 2 5 11 13 16 19 -1 <1> 2 5 11 13 16 18 -1 <2> 2 5 11 13 15 18 -1 <3> 2 5 11 13 15 18 -1 <4> 2 5 11 12 15 18 -1 -2
<0> 2 8 11 13 16 18 -1 <1> 2 7 10 13 16 18 -1 <2> 4 7 9 13 16 18 -1 -2
<0> 2 8 11 14 16 18 -1 <1> 2 8 11 13 16 19 -1 -2
<0> 2 5 10 13 16 19 -1 <1> 2 5 10 13 16 19 -1 <2> 4 8 9 12 16 19 -1 <3> 4 8 9 12 16 18 -1 <4> 4 8 9 12 16 18 -1 -2
<0> 2 8 10 14 17 18 -1 <1> 2 8 10 14 17 18 -1 <2> 2 7 10 14 17 18 -1 <3> 2 8 10 13 16 18 -1 <4> 2 7 10 13 16 18 -1 -2
<0> 2 5 11 13 17 18 -1 <1> 2 5 11 13 16 18 -1 <2> 2 5 11 13 16 18 -1 <3> 2 5 11 13 16 18 -1 -2
<0> 2 8 11 13 16 18 -1 <1> 2 8 10 13 16 18 -1 <2> 2 8 11 13 16 18 -1 <3> 2 5 11 13 16 18 -1 <4> 2 8 11 13 16 19 -1 -2
<0> 2 5 11 13 16 19 -1 <1> 4 8 10 13 16 19 -1 -2
<0> 2 5 9 13 16 18 -1 <1> 2 5 9 13 16 18 -1 <2> 2 5 9 13 16 18 -1 <3> 2 5 9 13 16 18 -1 -2
<0> 2 8 11 14 17 19 -1 <1> 2 7 11 14 17 19 -1 -2
<0> 2 5 10 13 17 18 -1 <1> 2 5 10 13 16 18 -1 <2> 2 5 10 13 16 18 -1 <3> 2 5 11 13 17 18 -1 <4> 2 5 10 13 17 18 -1 -2
<0> 2 5 10 13 17 18 -1 <1> 2 5 10 13 17 18 -1 <2> 2 5 10 13 17 18 -1 <3> 2 5 10 13 17 18 -1 <4> 2 5 10 13 17 18 -1 -2
<0> 2 5 11 14 16 18 -1 <1> 2 5 11 13 16 18 -1 <2> 2 5 11 13 16 18 -1 <3> 2 5 11 14 16 18 -1 <4> 2 5 11 13 16 18 -1 -2
<0> 2 5 10 13 16 18 -1 <1> 2 5 10 13 16 18 -1 <2> 2 5 10 13 16 18 -1 -2
<0> 2 5 9 14 17 19 -1 <1> 2 8 9 13 17 19 -1 <2> 4 8 9 13 16 18 -1 <3> 4 7 9 13 16 19 -1 <4> 4 7 9 13 17 19 -1 -2
<0> 2 5 9 13 17 18 -1 <1> 2 5 9 13 17 18 -1 <2> 2 5 9 13 17 18 -1 <3> 2 5 9 13 17 18 -1 <4> 2 5 9 13 16 18 -1 -2
<0> 4 5 10 12 15 19 -1 <1> 4 5 11 12 15 18 -1 <2> 4 5 11 12 15 18 -1 <3> 4 5 10 12 15 18 -1 <4> 4 5 10 12 15 18 -1 -2
<0> 2 5 9 13 16 18 -1 <1> 4 5 9 12 16 18 -1 <2> 4 8 9 12 16 18 -1 -2
<0> 2 8 9 13 16 19 -1 <1> 4 8 9 13 15 18 -1 <2> 4 8 9 12 16 18 -1 <3> 4 8 9 12 15 18 -1 <4> 4 8 9 12 16 18 -1 -2
<0> 2 5 10 13 16 19 -1 <1> 4 8 9 12 15 19 -1 <2> 4 8 9 12 15 18 -1 <3> 3 8 9 12 15 19 -1 -2
<0> 2 8 10 14 16 19 -1 <1> 2 5 10 13 16 18 -1 <2> 2 5 10 13 16 18 -1 <3> 4 8 9 13 15 18 -1 <4> 4 8 9 13 15 18 -1 -2
<0> 2 5 11 13 16 19 -1 <1> 2 5 11 13 16 19 -1 <2> 2 5 11 13 16 18 -1 <3> 2 5 10 14 16 19 -1 <4> 2 5 11 13 16 19 -1 -2
<0> 2 7 11 14 17 19 -1 <1> 2 7 11 13 16 18 -1 <2> 2 7 11 13 16 19 -1 -2
<0> 2 5 9 13 16 18 -1 <1> 2 5 9 13 16 18 -1 <2> 2 5 9 13 16 18 -1 <3> 2 5 9 13 16 18 -1 <4> 2 5 10 14 16 18 -1 -2
<0> 3 7 9 12 15 19 -1 <1> 4 8 9 12 15 19 -1 <2> 4 8 9 12 15 19 -1 <3> 4 8 9 12 15 18 -1 <4> 4 8 9 12 15 18 -1 -2
<0> 2 5 11 13 16 18 -1 <1> 2 5 11 13 16 18 -1 <2> 2 8 11 13 16 18 -1 <3> 2 5 11 13 16 18 -1 <4> 2 5 10 13 16 18 -1 -2
<0> 2 5 11 13 16 18 -1 <1> 2 5 11 14 16 18 -1 <2> 2 5 11 14 16 18 -1 <3> 2 5 11 13 16 18 -1 <4> 2 5 11 13 16 18 -1 -2
<0> 2 8 11 14 16 19 -1 <1> 2 8 11 13 16 18 -1 <2> 2 8 11 13 16 18 -1 <3> 2 8 10 13 16 18 -1 <4> 2 8 10 13 16 18 -1 -2
<0> 4 5 10 12 15 19 -1 <1> 4 5 9 12 15 18 -1 -2
<0> 2 5 10 13 16 18 -1 <1> 2 5 10 13 16 18 -1 <2> 4 5 9 12 15 18 -1 -2
<0> 2 5 10 13 17 18 -1 <1> 2 5 9 14 17 18 -1 -2
<0> 2 5 10 13 17 18 -1 <1> 2 5 10 13 16 18 -1 <2> 2 5 9 13 17 18 -1 <3> 2 5 9 13 17 18 -1 <4> 2 5 9 13 17 18 -1 -2
<0> 2 8 11 14 17 18 -1 <1> 2 8 11 14 17 18 -1 <2> 2 8 11 14 17 18 -1 <3> 2 8 11 14 17 18 -1 -2
<0> 2 5 10 14 17 18 -1 <1> 2 5 10 13 17 18 -1 <2> 2 5 10 13 17 18 -1 <3> 2 5 10 13 17 18 -1 <4> 2 5 10 13 17 18 -1 -2
<0> 2 8 11 13 16 18 -1 <1> 2 7 11 13 16 18 -1 <2> 4 7 10 13 16 18 -1 <3> 4 6 11 13 16 19 -1 -2
<0> 2 5 9 13 16 18 -1 <1> 4 5 9 13 16 18 -1 <2> 4 8 9 13 16 18 -1 -2
<0> 2 5 10 13 17 18 -1 <1> 2 5 10 13 17 18 -1 <2> 2 5 10 13 17 18 -1 <3> 2 5 9 13 17 18 -1 <4> 2 5 9 13 16 19 -1 -2
<0> 2 8 10 13 16 19 -1 <1> 2 8 10 13 16 19 -1 <2> 4 7 10 13 16 19 -1 <3> 4 7 10 13 16 19 -1 <4> 4 6 10 12 16 19 -1 -2
<0> 2 5 10 13 16 18 -1 <1> 2 5 10 13 16 19 -1 <2> 2 5 10 13 16 18 -1 -2
<0> 2 5 10 14 16 18 -1 <1> 2 5 10 13 16 18 -1 <2> 2 5 10 13 16 19 -1 <3> 2 5 9 13 16 18 -1 <4> 2 5 10 12 16 18 -1 -2
<0> 2 5 9 13 17 18 -1 <1> 2 5 9 14 17 18 -1 <2> 2 5 9 13 17 18 -1 <3> 2 5 9 14 17 18 -1 <4> 2 5 9 13 17 18 -1 -2
<0> 2 8 9 13 16 18 -1 <1> 4 5 9 12 15 18 -1 <2> 4 7 9 12 15 18 -1 <3> 4 7 9 12 15 18 -1 <4> 3 7 9 12 15 18 -1 -2
<0> 2 5 10 13 16 18 -1 <1> 4 8 9 12 16 19 -1 -2
<0> 2 5 10 14 17 18 -1 <1> 2 5 10 14 17 18 -1 <2> 2 5 10 14 17 18 -1 <3> 2 5 10 14 17 18 -1 <4> 2 5 10 14 17 18 -1 -2
<0> 2 8 10 13 16 18 -1 <1> 2 8 10 14 16 18 -1 -2
<0> 2 8 10 13 16 18 -1 <1> 4 7 10 13 16 19 -1 -2
<0> 2 5 11 13 16 18 -1 <1> 2 5 11 13 16 18 -1 <2> 2 5 10 13 16 18 -1 <3> 2 5 10 13 15 18 -1 <4> 4 8 10 13 15 18 -1 -2
<0> 2 5 9 12 17 18 -1 <1> 2 5 9 12 17 18 -1 <2> 4 5 9 12 16 18 -1 -2
<0> 2 5 9 13 16 18 -1 <1> 4 8 9 13 16 18 -1 -2
<0> 2 8 11 14 17 19 -1 <1> 2 8 11 14 17 18 -1 <2> 2 8 11 14 17 18 -1 <3> 2 8 11 14 17 18 -1 <4> 2 7 11 14 17 18 -1 -2
<0> 2 5 10 13 17 18 -1 <1> 2 5 10 14 17 18 -1 <2> 2 5 10 13 17 19 -1 -2
<0> 2 5 11 14 16 18 -1 <1> 2 5 11 13 16 18 -1 <2> 2 5 10 13 16 18 -1 <3> 2 5 10 13 16 19 -1 <4> 2 5 11 12 16 19 -1 -2
<0> 4 8 9 12 15 18 -1 <1> 4 8 9 12 15 18 -1 -2
<0> 2 5 10 14 17 18 -1 <1> 2 5 10 13 17 18 -1 <2> 2 5 9 13 16 18 -1 <3> 4 8 9 12 16 18 -1 -2
<0> 2 5 10 13 17 18 -1 <1> 2 5 11 13 16 18 -1 <2> 2 5 10 13 16 18 -1 <3> 2 5 10 13 16 18 -1 <4> 2 5 10 13 16 19 -1 -2
<0> 2 5 10 13 16 18 -1 <1> 2 5 10 13 16 18 -1 <2> 2 8 10 13 16 18 -1 <3> 2 5 9 13 16 18 -1 <4> 4 5 9 13 15 18 -1 -2
<0> 2 8 10 13 17 18 -1 <1> 2 5 10 14 17 18 -1 <2> 2 5 10 14 17 18 -1 <3> 2 5 10 13 17 18 -1 <4> 2 5 10 14 17 18 -1 -2
<0> 2 8 11 13 16 18 -1 <1> 2 5 11 13 16 18 -1 <2> 2 8 10 12 15 18 -1 -2
<0> 4 5 9 13 16 18 -1 <1> 2 5 9 13 16 19 -1 <2> 4 8 9 13 16 18 -1 -2
<0> 2 5 10 14 17 18 -1 <1> 2 5 10 14 17 18 -1 <2> 2 5 10 14 17 18 -1 <3> 2 5 10 14 17 18 -1 <4> 2 5 10 14 17 18 -1 -2
<0> 2 5 10 13 16 19 -1 <1> 2 5 10 13 16 19 -1 <2> 2 8 9 13 16 19 -1 -2
<0> 2 5 10 14 17 18 -1 <1> 2 5 9 13 17 18 -1 <2> 2 5 9 13 17 18 -1 -2
<0> 2 8 11 14 16 18 -1 <1> 2 8 10 13 16 19 -1 -2
<0> 2 5 10 13 17 18 -1 <1> 2 5 10 13 17 18 -1 <2> 2 5 10 14 17 18 -1 <3> 2 5 10 14 17 18 -1 <4> 2 5 10 13 17 18 -1 -2
<0> 2 8 10 13 16 18 -1 <1> 2 8 10 13 16 18 -1 <2> 2 8 10 13 16 18 -1 <3> 2 8 10 13 16 18 -1 <4> 2 8 10 13 16 18 -1 -2
<0> 2 5 11 13 16 18 -1 <1> 2 5 11 13 16 18 -1 <2> 2 5 11 13 16 18 -1 <3> 2 5 11 13 16 18 -1 <4> 2 5 11 13 16 18 -1 -2
<0> 2 5 10 13 17 18 -1 <1> 4 8 9 12 15 19 -1 <2> 4 8 9 12 15 18 -1 -2
<0> 2 5 10 14 17 18 -1 <1> 2 5 10 14 17 18 -1 <2> 2 5 10 14 17 19 -1 <3> 2 5 10 14 17 18 -1 <4> 2 5 10 14 17 19 -1 -2
<0> 2 5 10 13 17 18 -1 <1> 2 5 10 13 17 18 -1 <2> 2 5 10 14 17 18 -1 <3> 2 5 9 13 17 18 -1 <4> 2 5 9 13 16 18 -1 -2
<0> 2 8 11 13 16 19 -1 <1> 4 7 9 13 16 19 -1 -2
<0> 4 5 9 12 16 18 -1 <1> 3 8 9 12 15 18 -1 -2
<0> 2 8 10 14 17 19 -1 <1> 2 7 10 14 17 18 -1 -2
<0> 2 5 10 13 16 19 -1 <1> 2 5 10 13 16 19 -1 -2
<0> 2 5 10 13 17 18 -1 <1> 2 5 10 14 17 18 -1 <2> 2 5 10 13 17 18 -1 <3> 2 5 10 13 16 18 -1 <4> 2 5 10 13 16 19 -1 -2
<0> 2 8 9 13 17 19 -1 <1> 4 8 9 13 16 19 -1 -2
<0> 2 5 10 13 17 18 -1 <1> 2 8 10 13 16 19 -1 -2
<0> 2 8 10 13 16 19 -1 <1> 2 7 10 13 16 19 -1 -2
<0> 2 5 10 13 15 18 -1 <1> 2 5 10 13 15 18 -1 <2> 2 5 10 13 15 18 -1 <3> 4 5 10 12 15 18 -1 <4> 3 8 9 12 15 19 -1 -2
<0> 2 5 9 13 16 18 -1 <1> 4 8 9 12 16 18 -1 -2
<0> 2 5 11 13 16 18 -1 <1> 2 5 11 13 16 18 -1 <2> 2 5 11 13 15 18 -1 <3> 2 5 11 12 15 18 -1 <4> 2 5 11 12 15 18 -1 -2
<0> 2 5 11 14 16 18 -1 <1> 2 5 11 14 16 18 -1 <2> 2 5 11 14 16 18 -1 <3> 2 5 11 14 16 18 -1 <4> 2 5 11 14 16 18 -1 -2
<0> 2 5 11 13 16 18 -1 <1> 2 5 11 13 16 18 -1 <2> 2 5 11 13 16 18 -1 <3> 2 5 11 13 16 18 -1 <4> 2 5 10 13 16 18 -1 -2
<0> 2 8 10 13 16 19 -1 <1> 4 8 10 13 16 18 -1 -2
<0> 2 5 9 13 17 18 -1 <1> 2 5 9 13 17 18 -1 -2
<0> 2 5 10 13 16 19 -1 <1> 2 5 10 13 16 19 -1 <2> 2 5 10 13 16 18 -1 <3> 2 5 10 13 16 19 -1 <4> 4 8 10 13 15 19 -1 -2
<0> 2 5 11 13 16 18 -1 <1> 2 5 10 13 16 18 -1 <2> 2 5 10 13 16 18 -1 <3> 2 5 10 13 16 19 -1 <4> 2 5 10 12 16 19 -1 -2
<0> 2 5 10 13 17 18 -1 <1> 2 5 9 13 16 18 -1 -2
<0> 2 8 10 14 17 18 -1 <1> 2 5 10 13 17 18 -1 <2> 2 8 10 13 16 18 -1 <3> 2 8 9 13 17 18 -1 <4> 2 8 10 13 17 18 -1 -2
<0> 2 8 11 13 16 18 -1 <1> 2 8 11 13 16 18 -1 -2
<0> 2 5 10 13 17 18 -1 <1> 2 5 9 13 17 18 -1 <2> 2 5 9 13 17 18 -1 -2
<0> 2 5 10 13 17 18 -1 <1> 2 5 10 13 17 19 -1 <2> 2 5 10 13 17 18 -1 <3> 2 5 10 14 17 18 -1 <4> 2 5 10 14 17 18 -1 -2
<0> 2 8 11 14 17 19 -1 <1> 2 7 11 14 17 18 -1 <2> 2 6 11 14 17 18 -1 <3> 4 7 9 13 17 18 -1 -2
<0> 2 8 10 13 16 18 -1 <1> 2 8 10 13 16 18 -1 <2> 4 8 10 13 16 18 -1 <3> 4 8 9 12 15 18 -1 <4> 4 8 9 12 15 18 -1 -2
<0> 2 8 11 14 17 18 -1 <1> 2 8 10 13 17 18 -1 <2> 2 7 10 13 17 18 -1 <3> 3 6 9 12 15 18 -1 -2
<0> 2 8 10 13 16 19 -1 <1> 4 7 10 13 16 19 -1 -2
<0> 2 5 10 14 17 18 -1 <1> 2 5 10 14 16 18 -1 <2> 2 5 10 13 16 19 -1 <3> 2 5 10 13 16 18 -1 <4> 2 5 10 13 17 18 -1 -2
<0> 2 5 11 13 16 18 -1 <1> 2 5 11 13 16 18 -1 <2> 2 5 11 13 16 18 -1 <3> 2 5 11 14 16 18 -1 <4> 2 8 11 13 16 18 -1 -2
<0> 2 8 10 13 16 18 -1 <1> 2 8 10 13 16 18 -1 <2> 2 8 10 13 16 18 -1 <3> 2 8 10 13 16 18 -1 -2
<0> 2 8 10 13 16 19 -1 <1> 2 5 10 13 16 18 -1 <2> 2 8 10 13 16 19 -1 -2
<0> 2 5 10 13 17 18 -1 <1> 2 5 10 13 17 18 -1 <2> 2 5 9 13 17 18 -1 <3> 2 5 9 13 17 18 -1 <4> 4 5 9 12 16 18 -1 -2
<0> 2 5 10 13 17 18 -1 <1> 2 5 10 13 17 18 -1 <2> 2 5 10 13 17 18 -1 <3> 2 5 10 13 17 18 -1 <4> 2 5 10 13 17 18 -1 -2
<0> 2 5 11 13 16 18 -1 <1> 2 5 10 13 16 18 -1 <2> 2 5 10 13 16 18 -1 <3> 2 5 10 13 16 18 -1 <4> 2 5 10 13 16 18 -1 -2
<0> 2 5 11 13 16 18 -1 <1> 2 8 10 13 16 18 -1 <2> 2 8 10 13 16 19 -1 <3> 2 8 10 13 16 18 -1 <4> 2 8 10 13 16 19 -1 -2
<0> 2 8 10 13 16 18 -1 <1> 4 8 10 13 16 19 -1 -2
<0> 2 5 10 14 17 18 -1 <1> 2 5 10 14 17 18 -1 <2> 2 8 9 13 17 18 -1 -2
<0> 4 6 9 12 16 19 -1 <1> 4 7 9 12 16 19 -1 <2> 3 6 9 12 15 18 -1 <3> 3 6 9 12 15 18 -1 <4> 1 6 9 12 15 19 -1 -2
<0> 2 8 11 13 16 19 -1 <1> 2 8 10 13 16 19 -1 -2
<0> 2 5 10 13 16 18 -1 <1> 2 5 10 13 16 19 -1 -2
<0> 2 5 10 13 17 18 -1 <1> 2 8 10 13 17 19 -1 <2> 2 8 10 13 16 18 -1 <3> 2 8 10 13 16 19 -1 <4> 2 8 10 13 16 19 -1 -2
<0> 2 7 11 14 17 18 -1 <1> 2 6 11 14 17 18 -1 <2> 2 6 11 14 16 18 -1 -2
<0> 2 5 10 14 17 18 -1 <1> 2 5 10 13 17 18 -1 <2> 2 5 10 13 17 18 -1 <3> 2 5 10 13 17 18 -1 <4> 2 5 10 14 17 18 -1 -2
<0> 4 8 10 12 15 19 -1 <1> 4 8 10 13 15 19 -1 -2
<0> 2 8 10 14 17 18 -1 <1> 2 7 11 14 17 19 -1 -2
<0> 2 5 10 14 17 18 -1 <1> 2 5 10 13 17 18 -1 <2> 2 5 10 13 16 18 -1 <3> 2 5 9 13 16 18 -1 <4> 2 5 9 13 16 18 -1 -2
<0> 2 5 10 14 17 18 -1 <1> 2 5 10 14 17 18 -1 <2> 2 5 10 14 17 18 -1 <3> 2 5 10 14 17 18 -1 <4> 2 5 10 14 17 18 -1 -2
<0> 2 5 9 13 16 18 -1 <1> 2 5 10 14 16 18 -1 <2> 2 5 10 13 17 18 -1 <3> 2 5 10 14 16 18 -1 <4> 2 5 10 13 16 18 -1 -2
<0> 4 5 9 12 17 19 -1 <1> 4 5 9 13 17 19 -1 -2
<0> 2 8 10 13 16 19 -1 <1> 2 8 9 14 16 18 -1 -2
<0> 2 8 11 14 17 18 -1 <1> 2 8 11 14 17 19 -1 <2> 2 8 11 14 16 18 -1 <3> 2 8 11 13 16 18 -1 <4> 2 7 11 13 16 18 -1 -2
<0> 2 8 11 13 16 18 -1 <1> 2 8 11 13 16 18 -1 -2
<0> 2 5 10 13 16 18 -1 <1> 2 5 10 14 16 19 -1 <2> 4 8 9 13 16 19 -1 -2
<0> 2 5 10 14 17 18 -1 <1> 2 5 10 14 17 19 -1 <2> 2 5 10 13 17 19 -1 <3> 2 5 10 13 17 18 -1 <4> 2 8 10 13 17 18 -1 -2
<0> 2 7 11 14 17 18 -1 <1> 4 7 10 13 16 18 -1 -2
<0> 2 8 10 13 16 19 -1 <1> 4 8 10 13 16 19 -1 <2> 4 7 10 13 16 19 -1 -2
<0> 2 5 9 13 17 19 -1 <1> 2 5 9 13 16 18 -1 <2> 4 5 9 13 16 19 -1 -2
<0> 2 5 10 13 17 18 -1 <1> 2 5 9 13 17 18 -1 <2> 2 8 9 13 17 18 -1 <3> 4 8 9 13 17 18 -1 -2
<0> 2 5 10 13 16 18 -1 <1> 2 5 10 13 16 18 -1 -2
<0> 2 5 11 13 16 18 -1 <1> 2 5 10 13 16 19 -1 -2
<0> 2 8 11 13 15 18 -1 <1> 4 8 10 13 15 19 -1 <2> 4 8 9 13 15 19 -1 -2
<0> 2 8 10 13 17 18 -1 <1> 2 8 10 13 17 18 -1 <2> 2 7 10 13 17 18 -1 <3> 4 7 10 13 17 18 -1 <4> 4 6 9 13 17 19 -1 -2
<0> 2 7 11 14 17 18 -1 <1> 2 6 10 14 17 18 -1 -2
<0> 2 5 10 13 16 18 -1 <1> 2 5 10 13 16 19 -1 -2
<0> 2 5 11 13 16 18 -1 <1> 2 5 10 13 16 18 -1 <2> 2 5 10 13 16 18 -1 <3> 2 5 11 13 16 18 -1 <4> 2 5 11 13 16 18 -1 -2
<0> 2 8 10 13 17 18 -1 <1> 2 8 9 13 17 18 -1 <2> 2 8 9 13 17 18 -1 <3> 4 8 9 12 17 18 -1 <4> 4 7 9 12 17 19 -1 -2
<0> 2 5 10 14 17 18 -1 <1> 2 5 10 14 17 18 -1 -2
<0> 2 5 11 13 16 18 -1 <1> 2 5 10 13 16 18 -1 <2> 4 5 9 13 15 18 -1 <3> 2 5 10 13 16 18 -1 <4> 4 8 9 13 15 18 -1 -2
<0> 4 5 11 12 15 18 -1 <1> 4 5 11 12 15 18 -1 -2
<0> 2 8 11 14 17 18 -1 <1> 2 8 11 14 17 18 -1 -2
<0> 4 8 10 12 15 18 -1 <1> 4 7 9 12 15 18 -1 -2
<0> 2 5 11 13 16 18 -1 <1> 2 5 11 13 16 18 -1 <2> 2 5 11 12 16 18 -1 <3> 4 5 11 12 15 18 -1 <4> 4 5 11 12 15 18 -1 -2
<0> 4 8 9 13 16 18 -1 <1> 3 7 9 12 15 19 -1 <2> 3 7 9 12 15 19 -1 -2
<0> 2 5 10 13 16 18 -1 <1> 2 5 10 13 16 18 -1 <2> 2 5 10 13 16 19 -1 <3> 4 5 9 12 15 19 -1 <4> 4 5 9 12 15 19 -1 -2
<0> 2 7 11 14 17 18 -1 <1> 2 6 11 14 17 18 -1 <2> 2 6 11 14 17 19 -1 -2
<0> 2 5 9 13 17 18 -1 <1> 2 5 9 13 17 18 -1 <2> 2 5 9 12 17 18 -1 -2
<0> 2 8 11 14 17 18 -1 <1> 2 8 11 14 17 19 -1 -2
<0> 2 5 11 13 16 18 -1 <1> 4 5 10 13 15 18 -1 <2> 4 8 10 12 15 19 -1 <3> 4 5 10 12 15 19 -1 -2
<0> 2 5 11 14 16 18 -1 <1> 4 8 9 13 16 18 -1 -2
<0> 2 5 10 14 17 18 -1 <1> 2 5 10 14 16 19 -1 <2> 2 5 9 13 16 18 -1 <3> 4 5 9 12 16 18 -1 <4> 4 5 9 12 16 18 -1 -2
<0> 4 8 10 13 16 18 -1 <1> 4 8 9 13 15 19 -1 <2> 4 7 9 12 15 18 -1 -2
<0> 2 8 9 13 16 19 -1 <1> 4 8 9 13 16 19 -1 -2
<0> 2 5 11 13 16 18 -1 <1> 2 5 10 12 16 18 -1 -2
<0> 2 8 11 13 16 18 -1 <1> 2 8 11 13 16 18 -1 -2
<0> 2 8 10 13 16 18 -1 <1> 2 8 10 13 16 18 -1 -2
<0> 2 5 10 13 17 18 -1 <1> 2 5 10 13 17 18 -1 <2> 2 5 10 13 17 18 -1 <3> 4 5 9 12 16 18 -1 -2
<0> 2 5 11 13 16 18 -1 <1> 2 5 10 13 16 18 -1 <2> 2 5 10 13 16 18 -1 <3> 2 8 10 13 16 18 -1 <4> 2 5 10 12 16 18 -1 -2
<0> 2 5 10 13 17 18 -1 <1> 2 5 10 13 17 18 -1 <2> 2 5 9 13 17 19 -1 <3> 2 5 9 13 17 19 -1 <4> 2 5 9 13 17 18 -1 -2
<0> 2 5 10 13 17 18 -1 <1> 2 5 10 14 17 18 -1 <2> 2 5 10 14 16 18 -1 <3> 2 5 10 14 16 18 -1 <4> 2 5 10 14 16 18 -1 -2
<0> 2 8 10 13 17 19 -1 <1> 2 7 10 14 17 19 -1 <2> 4 6 9 13 17 19 -1 <3> 4 6 9 13 16 19 -1 -2
<0> 2 8 10 13 16 19 -1 <1> 4 8 10 13 16 19 -1 -2
<0> 2 5 11 13 16 18 -1 <1> 2 5 10 13 16 18 -1 <2> 4 5 10 12 16 19 -1 <3> 4 8 9 12 16 18 -1 <4> 4 8 9 12 15 18 -1 -2
<0> 2 8 10 13 16 18 -1 <1> 2 8 10 13 16 18 -1 <2> 2 8 10 13 16 18 -1 <3> 2 8 10 13 16 18 -1 <4> 4 8 10 13 16 19 -1 -2
<0> 2 5 11 13 16 18 -1 <1> 2 5 11 13 16 18 -1 -2
<0> 2 5 10 13 17 18 -1 <1> 2 5 10 13 17 18 -1 <2> 2 5 10 12 17 18 -1 <3> 2 5 9 12 17 18 -1 <4> 4 5 9 12 17 19 -1 -2
<0> 2 5 9 13 17 18 -1 <1> 4 5 9 12 16 18 -1 <2> 4 5 9 12 16 18 -1 -2
<0> 2 5 10 13 17 18 -1 <1> 2 5 10 13 17 18 -1 <2> 2 8 9 13 16 19 -1 <3> 4 8 9 13 15 18 -1 <4> 4 8 9 13 16 18 -1 -2
<0> 2 5 10 13 16 18 -1 <1> 2 5 10 13 16 18 -1 -2
<0> 2 8 10 13 16 18 -1 <1> 2 8 10 13 16 18 -1 <2> 4 6 10 12 15 19 -1 <3> 1 6 9 12 15 19 -1 -2
<0> 2 5 11 13 16 18 -1 <1> 2 5 11 13 16 18 -1 <2> 2 5 10 13 16 18 -1 <3> 2 5 10 13 16 18 -1 <4> 2 5 11 13 16 18 -1 -2
<0> 2 5 10 13 16 18 -1 <1> 4 5 9 12 16 18 -1 -2
<0> 2 5 10 13 16 18 -1 <1> 4 5 9 12 15 18 -1 -2
<0> 2 7 10 13 16 18 -1 <1> 2 7 10 13 16 18 -1 <2> 4 7 9 13 16 18 -1 <3> 4 7 9 13 16 18 -1 <4> 4 7 9 12 15 18 -1 -2
<0> 2 8 11 13 16 18 -1 <1> 2 8 11 13 16 18 -1 <2> 2 8 11 13 16 18 -1 <3> 2 8 10 13 16 18 -1 <4> 2 8 10 13 16 18 -1 -2
<0> 2 5 10 14 17 18 -1 <1> 2 5 10 14 17 18 -1 <2> 2 5 10 14 17 18 -1 <3> 2 5 10 14 17 18 -1 <4> 2 5 10 14 17 18 -1 -2
<0> 2 5 10 13 16 18 -1 <1> 4 5 9 13 15 18 -1 -2
<0> 2 5 10 13 17 18 -1 <1> 2 5 10 13 17 18 -1 <2> 2 5 10 14 17 18 -1 <3> 2 5 10 13 17 18 -1 <4> 2 5 10 14 16 18 -1 -2
<0> 2 5 10 14 17 18 -1 <1> 2 5 10 13 17 18 -1 <2> 2 5 10 13 17 18 -1 <3> 2 5 10 13 17 18 -1 <4> 2 5 10 13 16 18 -1 -2
<0> 2 8 10 13 16 18 -1 <1> 4 7 9 13 16 18 -1 <2> 4 8 9 13 16 18 -1 <3> 4 7 10 12 16 19 -1 -2
<0> 2 5 10 13 17 18 -1 <1> 2 5 9 13 17 18 -1 <2> 2 5 9 13 17 18 -1 <3> 2 5 9 13 17 18 -1 <4> 4 5 9 12 17 19 -1 -2
<0> 4 7 10 13 16 19 -1 <1> 4 7 10 12 16 18 -1 <2> 3 7 9 12 16 18 -1 -2
<0> 2 5 9 13 16 18 -1 <1> 4 5 9 13 16 19 -1 -2
<0> 2 5 10 14 17 18 -1 <1> 2 5 10 14 17 18 -1 <2> 2 5 10 14 16 18 -1 <3> 2 5 10 14 17 18 -1 <4> 2 5 10 13 17 18 -1 -2
<0> 2 5 10 13 16 18 -1 <1> 2 8 10 13 16 18 -1 -2
<0> 4 7 9 13 16 18 -1 <1> 4 7 9 13 16 18 -1 -2
<0> 2 5 10 13 16 18 -1 <1> 2 5 10 13 16 18 -1 <2> 4 5 10 12 16 18 -1 <3> 4 8 9 12 15 18 -1 <4> 3 8 9 12 15 18 -1 -2
<0> 2 8 10 13 16 18 -1 <1> 4 8 9 13 16 18 -1 <2> 3 8 9 12 15 19 -1 -2
<0> 2 5 10 13 17 18 -1 <1> 2 5 10 13 17 18 -1 <2> 2 5 9 13 17 18 -1 <3> 2 5 9 13 17 18 -1 <4> 2 5 9 13 17 18 -1 -2
<0> 2 8 10 13 17 18 -1 <1> 4 7 9 12 16 18 -1 -2
<0> 2 8 10 13 16 18 -1 <1> 4 8 9 12 15 19 -1 <2> 3 8 9 12 15 19 -1 -2
<0> 2 8 11 13 17 18 -1 <1> 2 8 11 13 17 18 -1 <2> 2 8 11 13 16 18 -1 -2
<0> 2 8 10 13 16 18 -1 <1> 4 8 10 13 16 19 -1 -2
<0> 4 8 9 12 15 19 -1 <1> 4 8 9 12 15 19 -1 <2> 4 8 9 12 15 19 -1 <3> 4 8 10 13 15 19 -1 <4> 4 8 9 12 15 18 -1 -2
<0> 2 7 10 14 17 18 -1 <1> 2 7 10 14 17 18 -1 <2> 2 7 10 14 17 18 -1 <3> 2 6 10 14 17 18 -1 <4> 4 6 9 14 17 19 -1 -2
<0> 2 8 10 13 16 19 -1 <1> 2 8 10 13 16 19 -1 -2
<0> 4 5 9 12 16 18 -1 <1> 4 8 9 12 16 19 -1 <2> 4 8 9 12 16 19 -1 -2
<0> 4 8 9 13 16 19 -1 <1> 4 8 9 13 16 19 -1 <2> 4 8 9 13 16 19 -1 <3> 2 8 9 13 16 18 -1 -2
<0> 2 5 10 13 17 18 -1 <1> 2 5 10 13 16 18 -1 <2> 2 5 10 13 16 18 -1 <3> 2 5 10 13 16 18 -1 <4> 2 5 9 13 16 18 -1 -2
<0> 2 5 10 14 17 18 -1 <1> 2 5 10 14 17 18 -1 <2> 2 5 9 14 17 18 -1 <3> 2 5 9 14 17 18 -1 -2
<0> 2 5 11 13 16 18 -1 <1> 2 5 11 13 16 18 -1 <2> 2 5 11 12 15 18 -1 <3> 2 5 11 12 15 18 -1 -2
<0> 2 8 11 14 17 18 -1 <1> 2 7 11 14 17 19 -1 -2
<0> 2 5 10 13 16 18 -1 <1> 2 5 10 13 16 18 -1 <2> 4 5 9 13 15 19 -1 -2
<0> 4 8 9 13 16 19 -1 <1> 4 8 9 13 16 18 -1 <2> 2 8 9 13 16 18 -1 -2
<0> 4 5 9 12 16 18 -1 <1> 2 5 9 13 17 18 -1 -2
<0> 2 5 11 13 17 18 -1 <1> 2 5 11 13 17 18 -1 <2> 2 5 11 13 16 18 -1 <3> 2 5 11 13 16 18 -1 <4> 2 5 11 13 16 18 -1 -2
<0> 2 5 10 13 16 18 -1 <1> 2 5 10 13 16 18 -1 <2> 2 5 9 13 16 18 -1 -2
<0> 2 5 10 14 17 18 -1 <1> 2 5 10 14 17 18 -1 <2> 2 5 9 13 16 18 -1 <3> 4 8 9 13 15 19 -1 -2
<0> 2 5 11 13 16 18 -1 <1> 2 5 11 13 16 19 -1 <2> 2 5 11 13 16 18 -1 <3> 2 5 10 13 16 19 -1 -2
<0> 2 5 11 13 15 18 -1 <1> 4 5 10 13 15 18 -1 <2> 4 8 9 13 15 18 -1 <3> 4 8 9 12 15 18 -1 <4> 3 7 9 12 15 19 -1 -2
<0> 2 5 10 14 17 18 -1 <1> 2 5 10 14 17 18 -1 <2> 2 5 10 13 17 18 -1 <3> 2 5 10 13 17 18 -1 <4> 2 5 10 13 17 18 -1 -2
<0> 2 5 10 13 16 18 -1 <1> 2 8 10 13 16 18 -1 -2
<0> 2 5 10 14 17 18 -1 <1> 2 5 10 13 16 19 -1 <2> 4 8 9 12 16 19 -1 -2
<0> 2 5 10 13 16 18 -1 <1> 2 5 10 14 17 18 -1 <2> 2 5 10 13 16 18 -1 <3> 2 5 9 13 16 18 -1 <4> 2 5 9 13 16 19 -1 -2
<0> 2 5 10 13 17 18 -1 <1> 2 5 10 13 17 18 -1 <2> 2 5 10 13 17 18 -1 <3> 2 5 9 13 17 18 -1 <4> 2 5 9 13 17 18 -1 -2
<0> 2 8 10 13 16 18 -1 <1> 2 5 10 13 16 18 -1 <2> 3 8 9 12 15 19 -1 -2
<0> 2 5 11 13 16 18 -1 <1> 2 5 11 13 16 18 -1 <2> 2 5 10 13 16 18 -1 -2
<0> 2 5 10 14 17 18 -1 <1> 2 5 10 14 17 18 -1 <2> 2 5 9 13 17 18 -1 <3> 2 5 9 13 17 18 -1 <4> 2 5 9 13 17 18 -1 -2
<0> 4 8 10 13 16 19 -1 <1> 2 8 10 13 16 19 -1 <2> 2 8 10 13 16 19 -1 <3> 2 8 10 13 16 19 -1 <4> 2 8 10 13 16 19 -1 -2
<0> 2 5 11 13 16 18 -1 <1> 2 5 11 13 16 18 -1 <2> 2 5 10 13 15 18 -1 <3> 4 5 10 13 15 18 -1 -2
<0> 2 5 10 13 16 18 -1 <1> 2 5 10 14 17 18 -1 <2> 2 5 10 14 16 18 -1 <3> 2 5 10 14 17 18 -1 <4> 2 5 10 14 17 18 -1 -2
<0> 2 5 9 13 17 18 -1 <1> 2 5 9 14 17 18 -1 <2> 2 5 9 13 17 18 -1 <3> 2 5 10 13 17 18 -1 <4> 2 5 10 13 17 18 -1 -2
<0> 2 5 10 14 17 18 -1 <1> 2 5 9 13 17 18 -1 <2> 2 5 9 13 17 18 -1 <3> 4 5 9 12 16 18 -1 -2
<0> 2 8 10 13 16 18 -1 <1> 2 8 10 13 16 18 -1 -2
<0> 2 5 10 13 16 18 -1 <1> 4 5 9 12 16 18 -1 -2
<0> 2 5 9 13 16 18 -1 <1> 4 5 9 13 16 18 -1 <2> 4 5 9 13 16 18 -1 <3> 4 5 9 13 16 18 -1 <4> 4 5 9 13 16 18 -1 -2
<0> 2 5 10 13 17 18 -1 <1> 2 5 10 13 17 18 -1 <2> 2 5 10 13 17 18 -1 <3> 2 5 10 14 17 18 -1 <4> 2 5 10 14 17 18 -1 -2
<0> 2 5 10 14 17 18 -1 <1> 2 5 10 13 17 18 -1 <2> 2 5 9 13 17 18 -1 <3> 2 5 9 13 17 18 -1 <4> 2 5 9 13 17 18 -1 -2
<0> 2 5 9 13 16 18 -1 <1> 2 5 9 12 16 18 -1 <2> 4 8 9 12 16 18 -1 -2
<0> 2 5 11 13 16 18 -1 <1> 4 8 9 13 15 18 -1 -2
<0> 2 5 10 13 17 18 -1 <1> 2 5 10 13 17 18 -1 <2> 2 5 9 13 17 18 -1 <3> 2 5 9 13 17 18 -1 <4> 4 5 9 13 16 19 -1 -2
<0> 2 8 11 14 17 18 -1 <1> 2 8 11 14 17 18 -1 -2
<0> 2 8 11 14 17 18 -1 <1> 2 8 10 13 16 18 -1 -2
<0> 2 5 10 13 17 18 -1 <1> 2 5 10 13 17 18 -1 <2> 2 5 10 13 17 18 -1 <3> 2 5 10 13 17 18 -1 <4> 2 5 9 13 17 18 -1 -2
<0> 2 5 11 13 16 18 -1 <1> 2 5 10 13 16 18 -1 <2> 2 5 10 13 16 18 -1 <3> 2 8 10 13 16 18 -1 <4> 2 8 10 13 16 18 -1 -2
<0> 2 8 10 14 17 18 -1 <1> 2 8 10 14 17 18 -1 <2> 2 7 11 14 17 18 -1 -2
<0> 2 7 10 14 17 18 -1 <1> 4 7 10 13 16 19 -1 -2
<0> 4 5 9 13 16 18 -1 <1> 4 5 9 12 16 18 -1 <2> 4 5 9 12 15 18 -1 <3> 4 5 9 12 15 18 -1 <4> 4 5 9 12 15 18 -1 -2
<0> 2 5 10 14 17 18 -1 <1> 4 5 9 12 15 19 -1 -2
<0> 2 5 9 14 17 18 -1 <1> 2 5 9 13 17 18 -1 <2> 2 5 9 13 17 18 -1 <3> 2 5 9 13 17 18 -1 <4> 2 5 9 13 17 18 -1 -2
<0> 2 5 9 13 17 18 -1 <1> 2 5 9 13 17 18 -1 -2
<0> 2 8 11 14 17 18 -1 <1> 2 8 11 14 17 18 -1 <2> 2 8 11 14 17 18 -1 <3> 2 7 11 14 17 18 -1 <4> 2 7 11 14 17 18 -1 -2
<0> 2 5 9 13 17 18 -1 <1> 2 5 9 14 17 18 -1 <2> 2 5 9 13 17 18 -1 <3> 2 5 9 13 17 18 -1 <4> 2 5 9 13 17 18 -1 -2
<0> 2 5 9 14 17 18 -1 <1> 2 5 9 13 17 18 -1 <2> 2 5 9 13 17 18 -1 <3> 2 5 9 13 17 18 -1 <4> 2 5 9 13 17 18 -1 -2
<0> 2 5 11 13 16 18 -1 <1> 2 5 11 13 16 18 -1 <2> 2 5 11 13 16 18 -1 <3> 2 5 11 13 16 18 -1 <4> 2 5 11 13 16 18 -1 -2
<0> 2 5 11 13 16 18 -1 <1> 2 5 10 13 16 18 -1 <2> 4 8 9 12 15 18 -1 -2
<0> 4 8 9 13 16 19 -1 <1> 4 8 9 13 16 19 -1 -2
<0> 2 5 10 13 16 18 -1 <1> 2 8 10 13 16 18 -1 <2> 2 8 10 13 16 18 -1 <3> 2 8 10 13 16 18 -1 <4> 2 8 10 13 16 18 -1 -2
<0> 4 8 9 12 15 18 -1 <1> 4 8 9 12 15 18 -1 <2> 4 8 9 12 15 18 -1 <3> 4 8 9 12 15 18 -1 <4> 4 8 9 12 15 18 -1 -2
<0> 2 5 11 13 16 18 -1 <1> 2 5 11 13 16 18 -1 <2> 2 5 11 13 16 18 -1 -2
<0> 2 5 10 14 17 18 -1 <1> 2 5 10 13 17 18 -1 <2> 2 5 10 13 17 18 -1 <3> 2 5 10 13 17 18 -1 <4> 2 5 10 13 17 18 -1 -2
<0> 2 5 10 14 17 18 -1 <1> 2 5 10 14 17 18 -1 <2> 2 5 10 13 17 18 -1 <3> 2 5 9 13 17 18 -1 <4> 2 5 9 13 17 18 -1 -2
<0> 4 8 9 12 16 18 -1 <1> 4 8 9 12 15 18 -1 -2
<0> 2 5 11 13 16 18 -1 <1> 2 5 11 13 16 19 -1 -2
<0> 2 5 10 13 17 18 -1 <1> 2 5 10 13 17 18 -1 <2> 2 5 10 13 17 18 -1 <3> 2 5 10 13 17 18 -1 <4> 2 5 10 13 16 18 -1 -2
<0> 2 8 11 14 16 19 -1 <1> 2 8 11 13 16 19 -1 -2
<0> 2 5 11 14 17 18 -1 <1> 2 5 11 14 16 18 -1 <2> 2 5 11 13 16 18 -1 <3> 2 5 11 13 16 18 -1 <4> 2 5 11 13 16 18 -1 -2
<0> 2 5 11 14 16 18 -1 <1> 2 5 10 13 16 18 -1 <2> 4 5 9 13 15 19 -1 -2
<0> 3 7 9 12 15 19 -1 <1> 3 7 9 12 15 19 -1 <2> 3 6 9 12 15 19 -1 -2
<0> 2 5 10 14 17 18 -1 <1> 2 5 9 14 17 18 -1 <2> 2 5 9 13 17 18 -1 -2
<0> 2 5 10 14 17 18 -1 <1> 2 5 10 13 17 18 -1 <2> 2 5 9 13 17 18 -1 <3> 2 5 9 13 17 18 -1 <4> 4 5 9 12 16 18 -1 -2
<0> 2 5 10 13 16 18 -1 <1> 2 5 10 13 16 18 -1 <2> 2 5 10 13 16 18 -1 <3> 2 5 10 13 16 18 -1 <4> 2 5 10 13 16 18 -1 -2
<0> 2 8 10 13 17 18 -1 <1> 2 8 10 13 16 18 -1 <2> 2 7 10 13 16 18 -1 -2
<0> 2 5 10 13 17 18 -1 <1> 2 5 9 13 16 18 -1 <2> 2 5 9 13 16 18 -1 -2
<0> 2 7 10 14 17 18 -1 <1> 4 6 10 13 16 18 -1 -2
<0> 2 7 10 13 17 18 -1 <1> 4 7 10 13 16 18 -1 <2> 4 7 9 13 16 18 -1 <3> 4 7 9 12 16 18 -1 -2
<0> 2 8 11 14 17 18 -1 <1> 2 8 11 14 16 19 -1 <2> 2 8 11 13 16 19 -1 -2
<0> 2 8 10 13 16 18 -1 <1> 4 8 10 13 15 18 -1 <2> 4 8 10 13 15 19 -1 <3> 4 8 9 13 15 19 -1 -2
<0> 2 7 11 14 17 18 -1 <1> 2 7 11 14 17 18 -1 <2> 4 6 10 13 17 19 -1 <3> 2 6 11 14 16 18 -1 -2
<0> 2 8 10 13 17 19 -1 <1> 4 7 9 13 16 19 -1 -2
<0> 4 5 9 13 15 18 -1 <1> 4 5 9 13 16 19 -1 <2> 4 5 9 13 15 19 -1 <3> 4 5 9 13 15 19 -1 <4> 4 5 9 12 15 19 -1 -2
<0> 2 5 10 14 17 18 -1 <1> 2 5 9 13 17 18 -1 <2> 4 8 9 13 16 19 -1 -2
<0> 2 8 11 14 17 18 -1 <1> 2 8 11 14 16 18 -1 <2> 2 8 11 13 16 18 -1 <3> 2 8 11 13 16 18 -1 -2
<0> 2 8 10 13 16 18 -1 <1> 2 8 10 13 16 18 -1 <2> 2 8 10 13 16 18 -1 <3> 2 8 10 13 16 18 -1 <4> 4 8 9 12 15 18 -1 -2
<0> 2 5 10 14 17 18 -1 <1> 2 5 10 13 16 18 -1 <2> 2 5 10 13 17 18 -1 <3> 2 5 9 13 17 18 -1 -2
<0> 2 5 10 14 17 18 -1 <1> 2 5 9 13 16 18 -1 <2> 2 5 9 13 16 18 -1 -2
<0> 2 5 10 14 17 18 -1 <1> 2 5 10 13 17 19 -1 <2> 2 5 10 13 16 19 -1 <3> 2 5 10 13 16 19 -1 <4> 2 5 10 13 16 18 -1 -2
<0> 2 7 11 14 17 18 -1 <1> 2 6 11 14 17 19 -1 -2
<0> 2 5 11 14 16 18 -1 <1> 2 5 10 13 16 18 -1 <2> 2 5 10 13 16 18 -1 <3> 2 5 10 13 16 18 -1 <4> 2 5 10 13 16 18 -1 -2
<0> 2 5 9 13 17 18 -1 <1> 4 5 9 13 16 19 -1 <2> 4 5 9 12 16 19 -1 <3> 4 5 9 12 16 19 -1 -2
<0> 2 5 11 13 16 18 -1 <1> 2 5 11 13 16 18 -1 <2> 2 5 11 13 16 18 -1 <3> 2 5 11 13 16 18 -1 <4> 2 5 11 13 15 18 -1 -2
<0> 2 5 10 13 17 18 -1 <1> 2 5 10 13 17 18 -1 <2> 2 5 9 13 17 18 -1 <3> 2 5 9 13 17 18 -1 <4> 2 5 9 13 17 18 -1 -2
<0> 2 5 10 14 17 18 -1 <1> 2 5 9 14 17 18 -1 <2> 2 5 9 14 17 18 -1 <3> 2 5 9 13 17 18 -1 <4> 2 5 9 13 17 18 -1 -2
<0> 2 5 10 13 16 18 -1 <1> 2 5 10 13 16 18 -1 <2> 2 5 10 13 16 18 -1 <3> 2 5 10 13 16 18 -1 <4> 2 5 10 13 16 18 -1 -2
<0> 2 8 11 14 17 18 -1 <1> 2 7 10 13 16 18 -1 <2> 2 8 10 13 16 18 -1 <3> 2 8 10 13 16 19 -1 -2
<0> 2 5 11 14 16 18 -1 <1> 2 5 11 13 16 18 -1 <2> 2 5 11 14 16 18 -1 <3> 2 5 11 13 16 18 -1 <4> 2 8 11 13 16 18 -1 -2
<0> 2 8 10 13 16 19 -1 <1> 2 8 10 13 16 19 -1 <2> 4 7 10 13 16 19 -1 -2
<0> 2 5 11 14 17 18 -1 <1> 2 5 11 14 17 18 -1 <2> 2 5 11 14 17 18 -1 <3> 2 5 11 14 17 18 -1 <4> 2 5 11 14 17 18 -1 -2
<0> 2 5 9 13 16 18 -1 <1> 2 5 9 13 17 18 -1 <2> 2 5 9 13 17 18 -1 <3> 2 5 9 13 17 18 -1 <4> 2 5 9 13 16 18 -1 -2
<0> 2 5 10 13 17 18 -1 <1> 2 5 10 13 17 18 -1 <2> 2 5 10 13 17 18 -1 <3> 2 5 10 13 17 18 -1 -2
<0> 2 5 11 13 16 18 -1 <1> 4 8 10 13 16 18 -1 <2> 4 7 10 13 16 18 -1 <3> 2 8 10 13 16 18 -1 -2
<0> 2 5 10 14 17 18 -1 <1> 2 5 10 14 17 18 -1 <2> 2 5 10 14 17 18 -1 <3> 2 5 9 13 16 18 -1 <4> 4 5 9 12 16 18 -1 -2
<0> 4 8 9 13 15 19 -1 <1> 4 8 9 12 15 19 -1 -2
<0> 2 8 9 13 16 18 -1 <1> 2 5 9 13 16 18 -1 <2> 2 8 9 13 16 18 -1 -2
<0> 4 5 9 13 16 19 -1 <1> 2 5 9 13 16 18 -1 <2> 4 5 9 12 16 18 -1 -2
<0> 2 8 10 13 16 18 -1 <1> 2 8 10 13 16 18 -1 <2> 4 8 9 13 16 18 -1 -2
<0> 2 5 10 13 16 18 -1 <1> 2 5 10 13 15 18 -1 <2> 4 8 10 13 15 18 -1 <3> 4 8 10 12 15 19 -1 -2
<0> 2 8 11 13 17 19 -1 <1> 2 8 10 13 16 19 -1 -2
<0> 2 8 11 14 17 18 -1 <1> 2 7 11 14 17 18 -1 -2
<0> 2 7 10 13 16 18 -1 <1> 4 8 10 13 16 18 -1 -2
<0> 2 8 9 13 16 18 -1 <1> 4 8 9 13 16 19 -1 -2
<0> 2 8 10 13 16 19 -1 <1> 4 7 10 13 16 19 -1 -2
<0> 2 5 10 14 17 18 -1 <1> 2 5 10 14 17 18 -1 <2> 2 5 9 14 17 18 -1 <3> 2 5 10 14 17 18 -1 <4> 2 5 10 14 17 18 -1 -2
<0> 2 8 11 13 15 19 -1 <1> 4 7 11 13 15 18 -1 <2> 2 8 11 13 15 18 -1 -2
<0> 2 5 10 13 16 18 -1 <1> 2 5 10 13 16 18 -1 -2
<0> 2 5 9 12 16 18 -1 <1> 4 5 9 12 16 18 -1 <2> 4 5 9 12 15 18 -1 -2
<0> 2 5 10 14 17 18 -1 <1> 2 5 10 14 17 18 -1 <2> 2 5 10 14 17 18 -1 <3> 2 5 10 14 17 18 -1 -2
<0> 2 5 10 13 15 18 -1 <1> 2 5 10 13 15 18 -1 -2
<0> 2 5 10 13 16 19 -1 <1> 4 5 10 13 15 19 -1 -2
<0> 3 7 9 12 15 18 -1 <1> 3 7 9 12 15 18 -1 <2> 3 7 9 12 15 19 -1 <3> 3 7 9 12 15 19 -1 -2
<0> 2 8 10 13 16 18 -1 <1> 4 7 10 13 16 18 -1 <2> 4 7 9 13 16 18 -1 -2
<0> 2 8 10 13 16 18 -1 <1> 2 8 10 13 16 18 -1 -2
<0> 4 8 10 13 16 19 -1 <1> 4 8 10 13 16 19 -1 -2
<0> 2 5 9 13 16 18 -1 <1> 2 5 9 13 16 18 -1 <2> 4 5 9 13 15 19 -1 -2
<0> 2 8 10 13 17 19 -1 <1> 4 7 9 13 16 19 -1 -2
<0> 2 5 11 13 16 18 -1 <1> 2 5 11 13 16 18 -1 <2> 2 5 10 13 16 18 -1 -2
<0> 2 5 10 13 16 18 -1 <1> 2 5 9 13 16 18 -1 -2
<0> 4 8 9 12 16 18 -1 <1> 3 8 9 12 15 18 -1 -2
<0> 2 5 10 13 16 18 -1 <1> 4 5 9 13 15 18 -1 <2> 4 5 9 12 15 19 -1 <3> 4 8 9 12 15 19 -1 -2
<0> 2 8 11 13 16 18 -1 <1> 2 8 11 13 16 18 -1 <2> 2 7 10 13 16 18 -1 <3> 4 7 10 13 15 18 -1 -2
<0> 2 8 11 14 17 18 -1 <1> 2 6 11 14 17 18 -1 <2> 2 6 11 14 17 18 -1 -2
<0> 2 5 10 13 16 18 -1 <1> 4 5 9 12 16 19 -1 <2> 4 5 9 12 15 18 -1 -2
<0> 2 5 9 13 16 18 -1 <1> 4 5 9 12 16 19 -1 -2
<0> 2 8 10 13 16 19 -1 <1> 2 8 10 13 16 18 -1 <2> 2 8 9 13 16 18 -1 <3> 4 8 9 12 15 19 -1 -2
<0> 2 5 10 13 15 18 -1 <1> 4 5 10 13 15 18 -1 <2> 4 5 10 13 15 18 -1 -2
<0> 2 5 9 13 17 18 -1 <1> 2 5 9 13 17 18 -1 <2> 2 5 9 13 17 18 -1 -2
<0> 4 5 9 12 16 19 -1 <1> 4 5 9 12 15 19 -1 -2
<0> 2 5 10 13 16 18 -1 <1> 2 5 10 13 16 18 -1 <2> 2 5 9 13 16 18 -1 -2
<0> 2 5 10 13 16 18 -1 <1> 2 8 10 13 16 18 -1 <2> 4 8 9 12 16 18 -1 -2
<0> 2 5 11 13 16 18 -1 <1> 2 5 11 13 16 18 -1 <2> 2 5 11 13 16 18 -1 -2
<0> 2 5 10 13 17 18 -1 <1> 2 5 10 13 17 18 -1 -2
<0> 2 5 10 13 17 18 -1 <1> 2 5 10 13 17 18 -1 <2> 2 5 9 13 16 18 -1 -2
<0> 2 5 10 13 16 18 -1 <1> 2 5 10 13 16 18 -1 <2> 2 5 11 13 16 18 -1 -2
<0> 2 5 9 14 17 18 -1 <1> 4 5 9 12 16 18 -1 -2
<0> 4 5 9 13 16 18 -1 <1> 4 5 9 13 15 18 -1 -2
<0> 2 5 10 14 17 18 -1 <1> 2 5 9 13 17 18 -1 -2
<0> 2 5 10 13 16 19 -1 <1> 2 5 10 13 16 19 -1 -2
<0> 2 5 10 13 16 18 -1 <1> 4 8 10 13 16 19 -1 -2
<0> 2 5 10 13 17 18 -1 <1> 2 5 9 13 16 18 -1 -2
<0> 2 8 10 14 17 18 -1 <1> 4 8 10 13 16 19 -1 -2
<0> 4 5 10 12 15 18 -1 <1> 4 5 10 12 15 18 -1 <2> 4 8 10 12 15 18 -1 <3> 4 8 10 12 15 18 -1 -2
<0> 4 8 9 12 15 18 -1 <1> 3 8 9 12 15 19 -1 -2
